step	action	robot0_eef_pos	Can_pos	Can_to_robot0_eef_pos
0	[0.38, -2.75, 0.0, 0.0, 0.0, 0.0, -1.0]	[-0.05, -0.11, 1.0]	[-0.02, -0.38, 0.86]	[0.0, 0.26, 0.15]
1	[0.32, -2.62, 0.0, 0.0, 0.0, 0.0, -1.0]	[-0.05, -0.13, 1.0]	[-0.02, -0.38, 0.86]	[-0.0, 0.24, 0.15]
2	[0.26, -2.43, 0.0, 0.0, 0.0, 0.0, -1.0]	[-0.04, -0.15, 1.0]	[-0.02, -0.38, 0.86]	[-0.01, 0.22, 0.15]
3	[0.21, -2.22, 0.0, 0.0, 0.0, 0.0, -1.0]	[-0.04, -0.18, 1.0]	[-0.02, -0.38, 0.86]	[-0.01, 0.2, 0.15]
4	[0.16, -1.99, 0.0, 0.0, 0.0, 0.0, -1.0]	[-0.03, -0.2, 1.0]	[-0.02, -0.38, 0.86]	[-0.01, 0.17, 0.14]
5	[0.13, -1.76, 0.0, 0.0, 0.0, 0.0, -1.0]	[-0.03, -0.22, 1.0]	[-0.02, -0.38, 0.86]	[-0.01, 0.15, 0.14]
6	[0.11, -1.52, 0.0, 0.0, 0.0, 0.0, -1.0]	[-0.03, -0.25, 1.0]	[-0.02, -0.38, 0.86]	[-0.01, 0.13, 0.14]
7	[0.1, -1.28, 0.0, 0.0, 0.0, 0.0, -1.0]	[-0.03, -0.27, 1.0]	[-0.02, -0.38, 0.86]	[-0.01, 0.1, 0.14]
8	[0.08, -1.05, 0.0, 0.0, 0.0, 0.0, -1.0]	[-0.03, -0.29, 1.0]	[-0.02, -0.38, 0.86]	[-0.01, 0.08, 0.14]
9	[0.08, -0.82, 0.0, 0.0, 0.0, 0.0, -1.0]	[-0.03, -0.31, 1.0]	[-0.02, -0.38, 0.86]	[-0.01, 0.06, 0.14]
10	[0.07, -0.61, 0.0, 0.0, 0.0, 0.0, -1.0]	[-0.03, -0.33, 1.0]	[-0.02, -0.38, 0.86]	[-0.01, 0.04, 0.14]
11	[0.07, -0.44, 0.0, 0.0, 0.0, 0.0, -1.0]	[-0.03, -0.34, 1.0]	[-0.02, -0.38, 0.86]	[-0.01, 0.03, 0.14]
12	[0.06, -0.31, 0.0, 0.0, 0.0, 0.0, -1.0]	[-0.02, -0.35, 1.0]	[-0.02, -0.38, 0.86]	[-0.01, 0.02, 0.14]
13	[0.06, -0.22, 0.0, 0.0, 0.0, 0.0, -1.0]	[-0.02, -0.36, 1.0]	[-0.02, -0.38, 0.86]	[-0.01, 0.01, 0.14]
14	[0.05, -0.15, 0.0, 0.0, 0.0, 0.0, -1.0]	[-0.02, -0.36, 1.0]	[-0.02, -0.38, 0.86]	[-0.01, 0.01, 0.14]
15	[0.04, -0.11, 0.0, 0.0, 0.0, 0.0, -1.0]	[-0.02, -0.37, 1.0]	[-0.02, -0.38, 0.86]	[-0.01, 0.01, 0.14]
16	[0.03, -0.08, -1.22, 0.0, 0.0, 0.0, -1.0]	[-0.02, -0.37, 0.98]	[-0.02, -0.38, 0.86]	[-0.01, 0.0, 0.12]
17	[-0.0, -0.07, -1.06, 0.0, 0.0, 0.0, -1.0]	[-0.02, -0.37, 0.96]	[-0.02, -0.38, 0.86]	[-0.01, 0.0, 0.1]
18	[-0.04, -0.06, -0.85, 0.0, 0.0, 0.0, -1.0]	[-0.01, -0.37, 0.94]	[-0.02, -0.38, 0.86]	[-0.01, 0.0, 0.08]
19	[-0.05, -0.06, -0.65, 0.0, 0.0, 0.0, -1.0]	[-0.01, -0.37, 0.92]	[-0.02, -0.38, 0.86]	[-0.01, 0.0, 0.06]
20	[-0.05, -0.04, -0.49, 0.0, 0.0, 0.0, -1.0]	[-0.02, -0.37, 0.91]	[-0.02, -0.38, 0.86]	[-0.01, 0.0, 0.05]
21	[-0.03, -0.03, -0.37, 0.0, 0.0, 0.0, -1.0]	[-0.02, -0.37, 0.9]	[-0.02, -0.38, 0.86]	[-0.0, 0.0, 0.04]
22	[-0.01, -0.02, -0.27, 0.0, 0.0, 0.0, -1.0]	[-0.02, -0.37, 0.89]	[-0.02, -0.38, 0.86]	[-0.0, 0.0, 0.03]
23	[0.02, -0.01, -0.19, 0.0, 0.0, 0.0, -1.0]	[-0.02, -0.37, 0.89]	[-0.02, -0.38, 0.86]	[0.0, 0.0, 0.03]
24	[0.04, -0.01, -0.13, 0.0, 0.0, 0.0, -1.0]	[-0.02, -0.37, 0.88]	[-0.02, -0.38, 0.86]	[0.0, 0.0, 0.02]
25	[0.0, 0.0, 0.0, 0.0, 0.0, 0.0, 1.0]	[-0.03, -0.38, 0.88]	[-0.02, -0.38, 0.86]	[0.01, 0.0, 0.02]
26	[0.0, 0.0, 0.0, 0.0, 0.0, 0.0, 1.0]	[-0.03, -0.38, 0.88]	[-0.02, -0.38, 0.86]	[0.01, 0.0, 0.02]
27	[0.0, 0.0, 1.0, 0.0, 0.0, 0.0, 1.0]	[-0.03, -0.38, 0.89]	[-0.02, -0.38, 0.87]	[0.01, -0.0, 0.02]
28	[0.0, 0.0, 1.0, 0.0, 0.0, 0.0, 1.0]	[-0.04, -0.38, 0.91]	[-0.03, -0.38, 0.89]	[0.01, -0.0, 0.02]
29	[0.0, 0.0, 1.0, 0.0, 0.0, 0.0, 1.0]	[-0.04, -0.38, 0.93]	[-0.03, -0.37, 0.91]	[0.01, -0.0, 0.02]
30	[0.0, 0.0, 1.0, 0.0, 0.0, 0.0, 1.0]	[-0.05, -0.37, 0.95]	[-0.04, -0.37, 0.93]	[0.01, -0.0, 0.02]
31	[0.0, 0.0, 1.0, 0.0, 0.0, 0.0, 1.0]	[-0.05, -0.37, 0.97]	[-0.04, -0.37, 0.95]	[0.01, -0.0, 0.02]
32	[0.0, 0.0, 1.0, 0.0, 0.0, 0.0, 1.0]	[-0.05, -0.37, 1.0]	[-0.04, -0.37, 0.97]	[0.01, -0.0, 0.02]
33	[0.0, 0.0, 1.0, 0.0, 0.0, 0.0, 1.0]	[-0.06, -0.37, 1.02]	[-0.05, -0.37, 0.99]	[0.01, -0.0, 0.02]
34	[2.43, 7.66, 10.0, 0.0, 0.0, 0.0, 1.0]	[-0.04, -0.36, 1.04]	[-0.03, -0.36, 1.01]	[0.01, -0.0, 0.02]
35	[2.3, 7.5, 0.0, 0.0, 0.0, 0.0, 1.0]	[-0.02, -0.33, 1.04]	[-0.01, -0.33, 1.02]	[0.01, 0.0, 0.02]
36	[2.09, 7.27, 0.0, 0.0, 0.0, 0.0, 1.0]	[0.0, -0.31, 1.04]	[0.01, -0.31, 1.02]	[0.01, 0.0, 0.02]
37	[1.86, 7.01, 0.0, 0.0, 0.0, 0.0, 1.0]	[0.02, -0.28, 1.04]	[0.03, -0.28, 1.02]	[0.01, 0.0, 0.02]
38	[1.63, 6.76, 0.0, 0.0, 0.0, 0.0, 1.0]	[0.05, -0.26, 1.04]	[0.06, -0.26, 1.02]	[0.01, 0.0, 0.02]
39	[1.41, 6.51, 0.0, 0.0, 0.0, 0.0, 1.0]	[0.07, -0.23, 1.04]	[0.08, -0.23, 1.02]	[0.01, 0.0, 0.02]
40	[1.19, 6.27, 0.0, 0.0, 0.0, 0.0, 1.0]	[0.09, -0.21, 1.04]	[0.1, -0.21, 1.02]	[0.01, 0.0, 0.02]
41	[0.97, 6.03, 0.0, 0.0, 0.0, 0.0, 1.0]	[0.11, -0.19, 1.04]	[0.12, -0.19, 1.02]	[0.01, 0.0, 0.02]
42	[0.76, 5.79, 0.0, 0.0, 0.0, 0.0, 1.0]	[0.13, -0.16, 1.04]	[0.14, -0.16, 1.01]	[0.01, 0.0, 0.02]
43	[0.58, 5.55, 0.0, 0.0, 0.0, 0.0, 1.0]	[0.14, -0.14, 1.04]	[0.15, -0.14, 1.02]	[0.01, 0.0, 0.02]
44	[0.43, 5.31, 0.0, 0.0, 0.0, 0.0, 1.0]	[0.16, -0.12, 1.04]	[0.17, -0.12, 1.02]	[0.01, 0.0, 0.02]
45	[0.32, 5.08, 0.0, 0.0, 0.0, 0.0, 1.0]	[0.16, -0.09, 1.04]	[0.17, -0.09, 1.02]	[0.01, 0.0, 0.02]
46	[0.23, 4.85, 0.0, 0.0, 0.0, 0.0, 1.0]	[0.17, -0.07, 1.04]	[0.18, -0.07, 1.02]	[0.01, 0.0, 0.02]
47	[0.16, 4.61, 0.0, 0.0, 0.0, 0.0, 1.0]	[0.18, -0.05, 1.04]	[0.19, -0.05, 1.02]	[0.01, 0.0, 0.02]
48	[0.11, 4.38, 0.0, 0.0, 0.0, 0.0, 1.0]	[0.18, -0.02, 1.04]	[0.19, -0.02, 1.02]	[0.01, 0.0, 0.02]
49	[0.08, 4.15, 0.0, 0.0, 0.0, 0.0, 1.0]	[0.18, 0.0, 1.04]	[0.19, 0.0, 1.02]	[0.01, 0.0, 0.02]
50	[0.06, 3.92, 0.0, 0.0, 0.0, 0.0, 1.0]	[0.18, 0.02, 1.04]	[0.19, 0.02, 1.02]	[0.01, 0.0, 0.02]
51	[0.05, 3.69, 0.0, 0.0, 0.0, 0.0, 1.0]	[0.18, 0.05, 1.04]	[0.19, 0.05, 1.02]	[0.01, 0.0, 0.02]
52	[0.04, 3.46, 0.0, 0.0, 0.0, 0.0, 1.0]	[0.18, 0.07, 1.04]	[0.19, 0.07, 1.02]	[0.01, 0.0, 0.02]
53	[0.04, 3.23, 0.0, 0.0, 0.0, 0.0, 1.0]	[0.18, 0.09, 1.04]	[0.19, 0.09, 1.02]	[0.01, 0.0, 0.02]
54	[0.04, 3.0, 0.0, 0.0, 0.0, 0.0, 1.0]	[0.18, 0.11, 1.04]	[0.19, 0.11, 1.02]	[0.01, 0.0, 0.02]
55	[0.04, 2.78, 0.0, 0.0, 0.0, 0.0, 1.0]	[0.18, 0.14, 1.04]	[0.19, 0.14, 1.02]	[0.01, 0.0, 0.02]
56	[0.05, 2.55, 0.0, 0.0, 0.0, 0.0, 1.0]	[0.18, 0.16, 1.04]	[0.19, 0.16, 1.01]	[0.01, 0.0, 0.02]
57	[0.05, 2.33, 0.0, 0.0, 0.0, 0.0, 1.0]	[0.18, 0.18, 1.04]	[0.19, 0.18, 1.01]	[0.01, 0.0, 0.02]
58	[0.05, 2.1, 0.0, 0.0, 0.0, 0.0, 1.0]	[0.18, 0.2, 1.04]	[0.19, 0.2, 1.01]	[0.01, 0.0, 0.03]
59	[0.05, 1.88, 0.0, 0.0, 0.0, 0.0, 1.0]	[0.18, 0.23, 1.03]	[0.19, 0.23, 1.01]	[0.01, 0.0, 0.03]
60	[0.06, 1.66, 0.0, 0.0, 0.0, 0.0, 1.0]	[0.18, 0.25, 1.03]	[0.19, 0.25, 1.01]	[0.01, 0.0, 0.03]
61	[0.06, 1.44, 0.0, 0.0, 0.0, 0.0, 1.0]	[0.18, 0.27, 1.03]	[0.19, 0.27, 1.01]	[0.01, 0.0, 0.03]
62	[0.06, 1.22, 0.0, 0.0, 0.0, 0.0, 1.0]	[0.18, 0.29, 1.03]	[0.19, 0.29, 1.0]	[0.01, 0.0, 0.03]
63	[0.07, 1.0, 0.0, 0.0, 0.0, 0.0, 1.0]	[0.18, 0.31, 1.03]	[0.19, 0.31, 1.0]	[0.01, 0.0, 0.03]
64	[0.08, 0.79, 0.0, 0.0, 0.0, 0.0, 1.0]	[0.18, 0.33, 1.02]	[0.19, 0.33, 1.0]	[0.01, 0.0, 0.03]
65	[0.09, 0.61, 0.0, 0.0, 0.0, 0.0, 1.0]	[0.18, 0.35, 1.02]	[0.19, 0.35, 1.0]	[0.01, 0.0, 0.03]
66	[0.09, 0.47, 0.0, 0.0, 0.0, 0.0, 1.0]	[0.18, 0.36, 1.02]	[0.19, 0.36, 1.0]	[0.01, 0.0, 0.03]
67	[0.09, 0.35, 0.0, 0.0, 0.0, 0.0, 1.0]	[0.18, 0.37, 1.02]	[0.19, 0.37, 0.99]	[0.01, 0.0, 0.03]
68	[0.09, 0.27, 0.0, 0.0, 0.0, 0.0, 1.0]	[0.18, 0.37, 1.02]	[0.19, 0.37, 0.99]	[0.01, 0.0, 0.03]
69	[0.1, 0.21, 0.0, 0.0, 0.0, 0.0, 1.0]	[0.17, 0.38, 1.01]	[0.19, 0.38, 0.99]	[0.01, 0.0, 0.03]
70	[0.1, 0.17, 0.0, 0.0, 0.0, 0.0, 1.0]	[0.17, 0.38, 1.01]	[0.19, 0.38, 0.99]	[0.01, 0.0, 0.03]
71	[0.11, 0.14, 0.0, 0.0, 0.0, 0.0, 1.0]	[0.17, 0.38, 1.0]	[0.19, 0.38, 0.98]	[0.01, 0.0, 0.03]
72	[0.12, 0.12, 0.0, 0.0, 0.0, 0.0, 1.0]	[0.17, 0.38, 1.0]	[0.18, 0.38, 0.98]	[0.01, 0.0, 0.03]
73	[0.13, 0.12, 0.0, 0.0, 0.0, 0.0, 1.0]	[0.17, 0.38, 0.99]	[0.18, 0.38, 0.97]	[0.01, 0.0, 0.03]
74	[0.14, 0.12, 0.0, 0.0, 0.0, 0.0, 1.0]	[0.17, 0.38, 0.99]	[0.18, 0.38, 0.97]	[0.01, 0.0, 0.03]
75	[0.15, 0.12, 0.0, 0.0, 0.0, 0.0, 1.0]	[0.17, 0.38, 0.98]	[0.18, 0.38, 0.96]	[0.01, 0.0, 0.03]
76	[0.16, 0.12, 0.0, 0.0, 0.0, 0.0, 1.0]	[0.17, 0.38, 0.98]	[0.18, 0.38, 0.95]	[0.01, 0.0, 0.03]
77	[0.16, 0.13, 0.0, 0.0, 0.0, 0.0, 1.0]	[0.17, 0.38, 0.97]	[0.18, 0.38, 0.95]	[0.01, 0.0, 0.03]
78	[0.17, 0.13, 0.0, 0.0, 0.0, 0.0, 1.0]	[0.17, 0.38, 0.96]	[0.18, 0.38, 0.94]	[0.01, 0.0, 0.03]
79	[0.17, 0.13, 0.0, 0.0, 0.0, 0.0, 1.0]	[0.17, 0.38, 0.96]	[0.18, 0.38, 0.93]	[0.01, 0.0, 0.03]
80	[0.17, 0.13, 0.0, 0.0, 0.0, 0.0, 1.0]	[0.17, 0.38, 0.95]	[0.18, 0.38, 0.93]	[0.01, 0.0, 0.03]
81	[0.17, 0.14, 0.0, 0.0, 0.0, 0.0, 1.0]	[0.17, 0.38, 0.95]	[0.18, 0.38, 0.92]	[0.01, 0.0, 0.03]
82	[0.17, 0.13, 0.0, 0.0, 0.0, 0.0, 1.0]	[0.17, 0.38, 0.94]	[0.18, 0.38, 0.92]	[0.01, 0.0, 0.03]
83	[0.16, 0.13, 0.0, 0.0, 0.0, 0.0, 1.0]	[0.17, 0.38, 0.94]	[0.18, 0.38, 0.91]	[0.01, 0.0, 0.03]
84	[0.16, 0.13, 0.0, 0.0, 0.0, 0.0, 1.0]	[0.17, 0.38, 0.93]	[0.18, 0.38, 0.91]	[0.01, 0.0, 0.03]
85	[0.16, 0.13, 0.0, 0.0, 0.0, 0.0, 1.0]	[0.17, 0.38, 0.93]	[0.18, 0.38, 0.9]	[0.01, 0.0, 0.03]
86	[0.16, 0.13, 0.0, 0.0, 0.0, 0.0, 1.0]	[0.17, 0.38, 0.92]	[0.18, 0.38, 0.9]	[0.01, 0.0, 0.03]
87	[0.17, 0.13, 0.0, 0.0, 0.0, 0.0, 1.0]	[0.16, 0.38, 0.92]	[0.18, 0.38, 0.89]	[0.01, 0.0, 0.03]
88	[0.18, 0.14, 0.0, 0.0, 0.0, 0.0, 1.0]	[0.16, 0.38, 0.91]	[0.18, 0.38, 0.89]	[0.01, 0.0, 0.03]
89	[0.19, 0.15, 0.0, 0.0, 0.0, 0.0, 1.0]	[0.16, 0.37, 0.9]	[0.18, 0.38, 0.88]	[0.01, 0.0, 0.03]
90	[0.21, 0.17, 0.0, 0.0, 0.0, 0.0, 1.0]	[0.16, 0.37, 0.89]	[0.17, 0.37, 0.87]	[0.01, 0.0, 0.03]
91	[0.23, 0.19, 0.0, 0.0, 0.0, 0.0, 1.0]	[0.16, 0.37, 0.89]	[0.17, 0.37, 0.86]	[0.01, 0.0, 0.03]
92	[0.25, 0.21, 0.0, 0.0, 0.0, 0.0, 1.0]	[0.16, 0.37, 0.88]	[0.17, 0.37, 0.86]	[0.01, 0.0, 0.03]
93	[0.25, 0.21, 0.0, 0.0, 0.0, 0.0, 1.0]	[0.16, 0.37, 0.88]	[0.17, 0.37, 0.86]	[0.01, 0.0, 0.02]
94	[0.24, 0.21, 0.0, 0.0, 0.0, 0.0, 1.0]	[0.16, 0.37, 0.88]	[0.17, 0.37, 0.86]	[0.01, 0.0, 0.02]
95	[0.24, 0.2, 0.0, 0.0, 0.0, 0.0, 1.0]	[0.16, 0.37, 0.88]	[0.17, 0.37, 0.86]	[0.01, 0.0, 0.02]
96	[0.23, 0.2, 0.0, 0.0, 0.0, 0.0, 1.0]	[0.16, 0.38, 0.88]	[0.18, 0.37, 0.86]	[0.01, 0.0, 0.02]
97	[0.21, 0.19, 0.0, 0.0, 0.0, 0.0, 1.0]	[0.16, 0.38, 0.88]	[0.18, 0.37, 0.86]	[0.01, 0.0, 0.02]
98	[0.2, 0.19, 0.0, 0.0, 0.0, 0.0, 1.0]	[0.16, 0.38, 0.88]	[0.18, 0.37, 0.86]	[0.01, 0.01, 0.02]
99	[0.2, 0.18, 0.0, 0.0, 0.0, 0.0, 1.0]	[0.16, 0.38, 0.88]	[0.18, 0.37, 0.86]	[0.01, 0.01, 0.02]
100	[0.2, 0.18, 0.0, 0.0, 0.0, 0.0, 1.0]	[0.16, 0.38, 0.87]	[0.18, 0.37, 0.86]	[0.01, 0.01, 0.02]
101	[0.19, 0.18, 0.0, 0.0, 0.0, 0.0, 1.0]	[0.16, 0.38, 0.87]	[0.18, 0.37, 0.86]	[0.01, 0.01, 0.02]
102	[0.19, 0.18, 0.0, 0.0, 0.0, 0.0, 1.0]	[0.16, 0.38, 0.87]	[0.18, 0.37, 0.86]	[0.01, 0.01, 0.02]
103	[0.19, 0.18, 0.0, 0.0, 0.0, 0.0, 1.0]	[0.16, 0.38, 0.87]	[0.18, 0.37, 0.86]	[0.01, 0.01, 0.02]
104	[0.19, 0.18, 0.0, 0.0, 0.0, 0.0, 1.0]	[0.16, 0.38, 0.87]	[0.18, 0.37, 0.86]	[0.01, 0.01, 0.02]
105	[0.19, 0.18, 0.0, 0.0, 0.0, 0.0, 1.0]	[0.16, 0.38, 0.88]	[0.18, 0.38, 0.86]	[0.01, 0.01, 0.02]
106	[0.19, 0.17, 0.0, 0.0, 0.0, 0.0, 1.0]	[0.16, 0.38, 0.87]	[0.18, 0.38, 0.86]	[0.01, 0.01, 0.02]
107	[0.19, 0.17, 0.0, 0.0, 0.0, 0.0, 1.0]	[0.16, 0.38, 0.87]	[0.18, 0.38, 0.86]	[0.01, 0.01, 0.02]
108	[0.19, 0.17, 0.0, 0.0, 0.0, 0.0, 1.0]	[0.16, 0.38, 0.87]	[0.18, 0.38, 0.86]	[0.01, 0.01, 0.02]
109	[0.19, 0.17, 0.0, 0.0, 0.0, 0.0, 1.0]	[0.16, 0.38, 0.87]	[0.18, 0.38, 0.86]	[0.01, 0.0, 0.02]
110	[0.18, 0.17, 0.0, 0.0, 0.0, 0.0, 1.0]	[0.16, 0.38, 0.87]	[0.18, 0.38, 0.86]	[0.01, 0.0, 0.02]
111	[0.18, 0.16, 0.0, 0.0, 0.0, 0.0, 1.0]	[0.16, 0.38, 0.87]	[0.18, 0.38, 0.86]	[0.01, 0.0, 0.02]
112	[0.18, 0.16, 0.0, 0.0, 0.0, 0.0, 1.0]	[0.16, 0.38, 0.87]	[0.18, 0.38, 0.86]	[0.01, 0.0, 0.02]
113	[0.18, 0.16, 0.0, 0.0, 0.0, 0.0, 1.0]	[0.16, 0.38, 0.87]	[0.18, 0.38, 0.86]	[0.01, 0.0, 0.02]
114	[0.18, 0.16, 0.0, 0.0, 0.0, 0.0, 1.0]	[0.16, 0.38, 0.87]	[0.18, 0.38, 0.86]	[0.01, 0.01, 0.02]
115	[0.18, 0.16, 0.0, 0.0, 0.0, 0.0, 1.0]	[0.16, 0.38, 0.87]	[0.18, 0.38, 0.86]	[0.02, 0.01, 0.02]
116	[0.18, 0.16, 0.0, 0.0, 0.0, 0.0, 1.0]	[0.16, 0.38, 0.87]	[0.18, 0.38, 0.86]	[0.02, 0.01, 0.02]
117	[0.18, 0.16, 0.0, 0.0, 0.0, 0.0, 1.0]	[0.16, 0.38, 0.87]	[0.18, 0.38, 0.86]	[0.02, 0.0, 0.02]
118	[0.18, 0.16, 0.0, 0.0, 0.0, 0.0, 1.0]	[0.16, 0.38, 0.87]	[0.18, 0.38, 0.86]	[0.02, 0.0, 0.02]
119	[0.17, 0.16, 0.0, 0.0, 0.0, 0.0, 1.0]	[0.16, 0.38, 0.87]	[0.18, 0.38, 0.86]	[0.02, 0.0, 0.02]
