step	action	robot0_eef_pos	door_pos	handle_pos	door_to_eef_pos	handle_to_eef_pos
0	[0.0, 0.0, 1.0, 0.0, 0.0, 0.0, -1.0]	[-0.11, 0.01, 1.04]	[0.2, 0.08, 1.1]	[0.17, -0.02, 1.08]	[0.31, 0.07, 0.06]	[0.28, -0.04, 0.03]
1	[0.0, 0.0, 1.0, 0.0, 0.0, 0.0, -1.0]	[-0.11, 0.01, 1.06]	[0.2, 0.08, 1.1]	[0.17, -0.02, 1.08]	[0.31, 0.07, 0.04]	[0.29, -0.04, 0.01]
2	[0.0, 0.0, 1.0, 0.0, 0.0, 0.0, -1.0]	[-0.12, 0.01, 1.08]	[0.2, 0.08, 1.1]	[0.17, -0.02, 1.08]	[0.32, 0.07, 0.02]	[0.29, -0.04, -0.01]
3	[0.0, 0.0, 1.0, 0.0, 0.0, 0.0, -1.0]	[-0.12, 0.01, 1.1]	[0.2, 0.08, 1.1]	[0.17, -0.02, 1.08]	[0.32, 0.07, -0.0]	[0.29, -0.04, -0.03]
4	[0.0, 0.0, 1.0, 0.0, 0.0, 0.0, -1.0]	[-0.12, 0.01, 1.12]	[0.2, 0.08, 1.1]	[0.17, -0.02, 1.08]	[0.32, 0.07, -0.02]	[0.29, -0.04, -0.05]
5	[0.0, 0.0, 1.0, 0.0, 0.0, 0.0, -1.0]	[-0.12, 0.01, 1.15]	[0.2, 0.08, 1.1]	[0.17, -0.02, 1.08]	[0.32, 0.07, -0.05]	[0.3, -0.04, -0.07]
6	[0.0, 0.0, 1.0, 0.0, 0.0, 0.0, -1.0]	[-0.12, 0.01, 1.17]	[0.2, 0.08, 1.1]	[0.17, -0.02, 1.08]	[0.33, 0.07, -0.07]	[0.3, -0.04, -0.09]
7	[2.97, -0.12, 10.0, 0.0, 0.0, 0.0, -1.0]	[-0.11, 0.01, 1.19]	[0.2, 0.08, 1.1]	[0.17, -0.02, 1.08]	[0.31, 0.07, -0.09]	[0.28, -0.04, -0.11]
8	[2.84, -0.1, 0.0, 0.0, 0.0, 0.0, -1.0]	[-0.1, 0.01, 1.19]	[0.2, 0.08, 1.1]	[0.17, -0.02, 1.08]	[0.3, 0.08, -0.09]	[0.27, -0.03, -0.12]
9	[2.72, -0.08, 0.0, 0.0, 0.0, 0.0, -1.0]	[-0.1, 0.01, 1.19]	[0.2, 0.08, 1.1]	[0.17, -0.02, 1.08]	[0.3, 0.08, -0.09]	[0.27, -0.03, -0.12]
10	[2.7, -0.07, 0.0, 0.0, 0.0, 0.0, -1.0]	[-0.09, 0.01, 1.19]	[0.2, 0.08, 1.1]	[0.17, -0.02, 1.08]	[0.29, 0.08, -0.09]	[0.26, -0.03, -0.12]
11	[2.65, -0.07, 0.0, 0.0, 0.0, 0.0, -1.0]	[-0.09, 0.01, 1.19]	[0.2, 0.08, 1.1]	[0.17, -0.02, 1.08]	[0.29, 0.08, -0.09]	[0.26, -0.03, -0.12]
12	[2.6, -0.07, 0.0, 0.0, 0.0, 0.0, -1.0]	[-0.08, 0.01, 1.19]	[0.2, 0.08, 1.1]	[0.17, -0.02, 1.08]	[0.28, 0.08, -0.09]	[0.26, -0.03, -0.12]
13	[2.57, -0.07, 0.0, 0.0, 0.0, 0.0, -1.0]	[-0.08, 0.01, 1.19]	[0.2, 0.08, 1.1]	[0.17, -0.02, 1.08]	[0.28, 0.08, -0.09]	[0.26, -0.03, -0.12]
14	[2.56, -0.07, 0.0, 0.0, 0.0, 0.0, -1.0]	[-0.08, 0.01, 1.19]	[0.2, 0.08, 1.1]	[0.17, -0.02, 1.08]	[0.28, 0.08, -0.09]	[0.26, -0.03, -0.12]
15	[2.56, -0.07, 0.0, 0.0, 0.0, 0.0, -1.0]	[-0.08, 0.01, 1.19]	[0.2, 0.08, 1.1]	[0.17, -0.02, 1.08]	[0.28, 0.08, -0.09]	[0.26, -0.03, -0.12]
16	[2.56, -0.07, 0.0, 0.0, 0.0, 0.0, -1.0]	[-0.08, 0.01, 1.19]	[0.2, 0.08, 1.1]	[0.17, -0.02, 1.08]	[0.28, 0.08, -0.09]	[0.26, -0.03, -0.12]
17	[2.56, -0.07, 0.0, 0.0, 0.0, 0.0, -1.0]	[-0.08, 0.01, 1.19]	[0.2, 0.08, 1.1]	[0.17, -0.02, 1.08]	[0.28, 0.08, -0.09]	[0.26, -0.03, -0.12]
18	[2.56, -0.07, 0.0, 0.0, 0.0, 0.0, -1.0]	[-0.08, 0.01, 1.19]	[0.2, 0.08, 1.1]	[0.17, -0.02, 1.08]	[0.28, 0.08, -0.09]	[0.26, -0.03, -0.12]
19	[2.56, -0.07, 0.0, 0.0, 0.0, 0.0, -1.0]	[-0.08, 0.01, 1.19]	[0.2, 0.08, 1.1]	[0.17, -0.02, 1.08]	[0.28, 0.08, -0.09]	[0.26, -0.03, -0.12]
20	[2.56, -0.07, 0.0, 0.0, 0.0, 0.0, -1.0]	[-0.08, 0.01, 1.19]	[0.2, 0.08, 1.1]	[0.17, -0.02, 1.08]	[0.28, 0.08, -0.09]	[0.26, -0.03, -0.12]
21	[2.56, -0.07, 0.0, 0.0, 0.0, 0.0, -1.0]	[-0.08, 0.01, 1.19]	[0.2, 0.08, 1.1]	[0.17, -0.02, 1.08]	[0.28, 0.08, -0.09]	[0.26, -0.03, -0.12]
22	[2.56, -0.07, 0.0, 0.0, 0.0, 0.0, -1.0]	[-0.08, 0.01, 1.19]	[0.2, 0.08, 1.1]	[0.17, -0.02, 1.08]	[0.28, 0.08, -0.09]	[0.26, -0.03, -0.12]
23	[2.56, -0.07, 0.0, 0.0, 0.0, 0.0, -1.0]	[-0.08, 0.01, 1.19]	[0.2, 0.08, 1.1]	[0.17, -0.02, 1.08]	[0.28, 0.08, -0.09]	[0.26, -0.03, -0.12]
24	[2.56, -0.07, 0.0, 0.0, 0.0, 0.0, -1.0]	[-0.08, 0.01, 1.19]	[0.2, 0.08, 1.1]	[0.17, -0.02, 1.08]	[0.28, 0.08, -0.09]	[0.26, -0.03, -0.12]
25	[2.56, -0.07, 0.0, 0.0, 0.0, 0.0, -1.0]	[-0.08, 0.01, 1.19]	[0.2, 0.08, 1.1]	[0.17, -0.02, 1.08]	[0.28, 0.08, -0.09]	[0.26, -0.03, -0.12]
26	[2.56, -0.07, 0.0, 0.0, 0.0, 0.0, -1.0]	[-0.08, 0.01, 1.19]	[0.2, 0.08, 1.1]	[0.17, -0.02, 1.08]	[0.28, 0.08, -0.09]	[0.26, -0.03, -0.12]
27	[2.56, -0.07, 0.0, 0.0, 0.0, 0.0, -1.0]	[-0.08, 0.01, 1.19]	[0.2, 0.08, 1.1]	[0.17, -0.02, 1.08]	[0.28, 0.08, -0.09]	[0.26, -0.03, -0.12]
28	[2.56, -0.07, 0.0, 0.0, 0.0, 0.0, -1.0]	[-0.08, 0.01, 1.19]	[0.2, 0.08, 1.1]	[0.17, -0.02, 1.08]	[0.28, 0.08, -0.09]	[0.26, -0.03, -0.12]
29	[2.56, -0.07, 0.0, 0.0, 0.0, 0.0, -1.0]	[-0.08, 0.01, 1.19]	[0.2, 0.08, 1.1]	[0.17, -0.02, 1.08]	[0.28, 0.08, -0.09]	[0.26, -0.03, -0.12]
30	[2.56, -0.07, 0.0, 0.0, 0.0, 0.0, -1.0]	[-0.08, 0.01, 1.19]	[0.2, 0.08, 1.1]	[0.17, -0.02, 1.08]	[0.28, 0.08, -0.09]	[0.26, -0.03, -0.12]
31	[2.56, -0.07, 0.0, 0.0, 0.0, 0.0, -1.0]	[-0.08, 0.01, 1.19]	[0.2, 0.08, 1.1]	[0.17, -0.02, 1.08]	[0.28, 0.08, -0.09]	[0.26, -0.03, -0.12]
32	[2.56, -0.07, 0.0, 0.0, 0.0, 0.0, -1.0]	[-0.08, 0.01, 1.19]	[0.2, 0.08, 1.1]	[0.17, -0.02, 1.08]	[0.28, 0.08, -0.09]	[0.26, -0.03, -0.12]
33	[2.56, -0.07, 0.0, 0.0, 0.0, 0.0, -1.0]	[-0.08, 0.01, 1.19]	[0.2, 0.08, 1.1]	[0.17, -0.02, 1.08]	[0.28, 0.08, -0.09]	[0.26, -0.03, -0.12]
34	[2.56, -0.07, 0.0, 0.0, 0.0, 0.0, -1.0]	[-0.08, 0.01, 1.19]	[0.2, 0.08, 1.1]	[0.17, -0.02, 1.08]	[0.28, 0.08, -0.09]	[0.26, -0.03, -0.12]
35	[2.56, -0.07, 0.0, 0.0, 0.0, 0.0, -1.0]	[-0.08, 0.01, 1.19]	[0.2, 0.08, 1.1]	[0.17, -0.02, 1.08]	[0.28, 0.08, -0.09]	[0.26, -0.03, -0.12]
36	[2.56, -0.07, 0.0, 0.0, 0.0, 0.0, -1.0]	[-0.08, 0.01, 1.19]	[0.2, 0.08, 1.1]	[0.17, -0.02, 1.08]	[0.28, 0.08, -0.09]	[0.26, -0.03, -0.12]
37	[2.56, -0.07, 0.0, 0.0, 0.0, 0.0, -1.0]	[-0.08, 0.01, 1.19]	[0.2, 0.08, 1.1]	[0.17, -0.02, 1.08]	[0.28, 0.08, -0.09]	[0.26, -0.03, -0.12]
38	[2.56, -0.07, 0.0, 0.0, 0.0, 0.0, -1.0]	[-0.08, 0.01, 1.19]	[0.2, 0.08, 1.1]	[0.17, -0.02, 1.08]	[0.28, 0.08, -0.09]	[0.26, -0.03, -0.12]
39	[2.56, -0.07, 0.0, 0.0, 0.0, 0.0, -1.0]	[-0.08, 0.01, 1.19]	[0.2, 0.08, 1.1]	[0.17, -0.02, 1.08]	[0.28, 0.08, -0.09]	[0.26, -0.03, -0.12]
40	[2.56, -0.07, 0.0, 0.0, 0.0, 0.0, -1.0]	[-0.08, 0.01, 1.19]	[0.2, 0.08, 1.1]	[0.17, -0.02, 1.08]	[0.28, 0.08, -0.09]	[0.26, -0.03, -0.12]
41	[2.56, -0.07, 0.0, 0.0, 0.0, 0.0, -1.0]	[-0.08, 0.01, 1.19]	[0.2, 0.08, 1.1]	[0.17, -0.02, 1.08]	[0.28, 0.08, -0.09]	[0.26, -0.03, -0.12]
42	[2.56, -0.07, 0.0, 0.0, 0.0, 0.0, -1.0]	[-0.08, 0.01, 1.19]	[0.2, 0.08, 1.1]	[0.17, -0.02, 1.08]	[0.28, 0.08, -0.09]	[0.26, -0.03, -0.12]
43	[2.56, -0.07, 0.0, 0.0, 0.0, 0.0, -1.0]	[-0.08, 0.01, 1.19]	[0.2, 0.08, 1.1]	[0.17, -0.02, 1.08]	[0.28, 0.08, -0.09]	[0.26, -0.03, -0.12]
44	[2.56, -0.07, 0.0, 0.0, 0.0, 0.0, -1.0]	[-0.08, 0.01, 1.19]	[0.2, 0.08, 1.1]	[0.17, -0.02, 1.08]	[0.28, 0.08, -0.09]	[0.26, -0.03, -0.12]
45	[2.56, -0.07, 0.0, 0.0, 0.0, 0.0, -1.0]	[-0.08, 0.01, 1.19]	[0.2, 0.08, 1.1]	[0.17, -0.02, 1.08]	[0.28, 0.08, -0.09]	[0.26, -0.03, -0.12]
46	[2.56, -0.07, 0.0, 0.0, 0.0, 0.0, -1.0]	[-0.08, 0.01, 1.19]	[0.2, 0.08, 1.1]	[0.17, -0.02, 1.08]	[0.28, 0.08, -0.09]	[0.26, -0.03, -0.12]
47	[2.56, -0.07, 0.0, 0.0, 0.0, 0.0, -1.0]	[-0.08, 0.01, 1.19]	[0.2, 0.08, 1.1]	[0.17, -0.02, 1.08]	[0.28, 0.08, -0.09]	[0.26, -0.03, -0.12]
48	[2.56, -0.07, 0.0, 0.0, 0.0, 0.0, -1.0]	[-0.08, 0.01, 1.19]	[0.2, 0.08, 1.1]	[0.17, -0.02, 1.08]	[0.28, 0.08, -0.09]	[0.26, -0.03, -0.12]
49	[2.56, -0.07, 0.0, 0.0, 0.0, 0.0, -1.0]	[-0.08, 0.01, 1.19]	[0.2, 0.08, 1.1]	[0.17, -0.02, 1.08]	[0.28, 0.08, -0.09]	[0.26, -0.03, -0.12]
50	[2.56, -0.07, 0.0, 0.0, 0.0, 0.0, -1.0]	[-0.08, 0.01, 1.19]	[0.2, 0.08, 1.1]	[0.17, -0.02, 1.08]	[0.28, 0.08, -0.09]	[0.26, -0.03, -0.12]
51	[2.56, -0.07, 0.0, 0.0, 0.0, 0.0, -1.0]	[-0.08, 0.01, 1.19]	[0.2, 0.08, 1.1]	[0.17, -0.02, 1.08]	[0.28, 0.08, -0.09]	[0.26, -0.03, -0.12]
52	[2.56, -0.07, 0.0, 0.0, 0.0, 0.0, -1.0]	[-0.08, 0.01, 1.19]	[0.2, 0.08, 1.1]	[0.17, -0.02, 1.08]	[0.28, 0.08, -0.09]	[0.26, -0.03, -0.12]
53	[2.56, -0.07, 0.0, 0.0, 0.0, 0.0, -1.0]	[-0.08, 0.01, 1.19]	[0.2, 0.08, 1.1]	[0.17, -0.02, 1.08]	[0.28, 0.08, -0.09]	[0.26, -0.03, -0.12]
54	[2.56, -0.07, 0.0, 0.0, 0.0, 0.0, -1.0]	[-0.08, 0.01, 1.19]	[0.2, 0.08, 1.1]	[0.17, -0.02, 1.08]	[0.28, 0.08, -0.09]	[0.26, -0.03, -0.12]
55	[2.56, -0.07, 0.0, 0.0, 0.0, 0.0, -1.0]	[-0.08, 0.01, 1.19]	[0.2, 0.08, 1.1]	[0.17, -0.02, 1.08]	[0.28, 0.08, -0.09]	[0.26, -0.03, -0.12]
56	[2.56, -0.07, 0.0, 0.0, 0.0, 0.0, -1.0]	[-0.08, 0.01, 1.19]	[0.2, 0.08, 1.1]	[0.17, -0.02, 1.08]	[0.28, 0.08, -0.09]	[0.26, -0.03, -0.12]
57	[2.56, -0.07, 0.0, 0.0, 0.0, 0.0, -1.0]	[-0.08, 0.01, 1.19]	[0.2, 0.08, 1.1]	[0.17, -0.02, 1.08]	[0.28, 0.08, -0.09]	[0.26, -0.03, -0.12]
58	[2.56, -0.07, 0.0, 0.0, 0.0, 0.0, -1.0]	[-0.08, 0.01, 1.19]	[0.2, 0.08, 1.1]	[0.17, -0.02, 1.08]	[0.28, 0.08, -0.09]	[0.26, -0.03, -0.12]
59	[2.56, -0.07, 0.0, 0.0, 0.0, 0.0, -1.0]	[-0.08, 0.01, 1.19]	[0.2, 0.08, 1.1]	[0.17, -0.02, 1.08]	[0.28, 0.08, -0.09]	[0.26, -0.03, -0.12]
60	[2.56, -0.07, 0.0, 0.0, 0.0, 0.0, -1.0]	[-0.08, 0.01, 1.19]	[0.2, 0.08, 1.1]	[0.17, -0.02, 1.08]	[0.28, 0.08, -0.09]	[0.26, -0.03, -0.12]
61	[2.56, -0.07, 0.0, 0.0, 0.0, 0.0, -1.0]	[-0.08, 0.01, 1.19]	[0.2, 0.08, 1.1]	[0.17, -0.02, 1.08]	[0.28, 0.08, -0.09]	[0.26, -0.03, -0.12]
62	[2.56, -0.07, 0.0, 0.0, 0.0, 0.0, -1.0]	[-0.08, 0.01, 1.19]	[0.2, 0.08, 1.1]	[0.17, -0.02, 1.08]	[0.28, 0.08, -0.09]	[0.26, -0.03, -0.12]
63	[2.56, -0.07, 0.0, 0.0, 0.0, 0.0, -1.0]	[-0.08, 0.01, 1.19]	[0.2, 0.08, 1.1]	[0.17, -0.02, 1.08]	[0.28, 0.08, -0.09]	[0.26, -0.03, -0.12]
64	[2.56, -0.07, 0.0, 0.0, 0.0, 0.0, -1.0]	[-0.08, 0.01, 1.19]	[0.2, 0.08, 1.1]	[0.17, -0.02, 1.08]	[0.28, 0.08, -0.09]	[0.26, -0.03, -0.12]
65	[2.56, -0.07, 0.0, 0.0, 0.0, 0.0, -1.0]	[-0.08, 0.01, 1.19]	[0.2, 0.08, 1.1]	[0.17, -0.02, 1.08]	[0.28, 0.08, -0.09]	[0.26, -0.03, -0.12]
66	[2.56, -0.07, 0.0, 0.0, 0.0, 0.0, -1.0]	[-0.08, 0.01, 1.19]	[0.2, 0.08, 1.1]	[0.17, -0.02, 1.08]	[0.28, 0.08, -0.09]	[0.26, -0.03, -0.11]
67	[2.56, -0.07, 0.0, 0.0, 0.0, 0.0, -1.0]	[-0.08, 0.01, 1.19]	[0.2, 0.08, 1.1]	[0.17, -0.02, 1.08]	[0.28, 0.08, -0.09]	[0.26, -0.03, -0.11]
68	[2.56, -0.07, 0.0, 0.0, 0.0, 0.0, -1.0]	[-0.08, 0.01, 1.19]	[0.2, 0.08, 1.1]	[0.17, -0.02, 1.08]	[0.28, 0.08, -0.09]	[0.26, -0.03, -0.11]
69	[2.56, -0.07, 0.0, 0.0, 0.0, 0.0, -1.0]	[-0.08, 0.01, 1.19]	[0.2, 0.08, 1.1]	[0.17, -0.02, 1.08]	[0.28, 0.08, -0.09]	[0.26, -0.03, -0.11]
70	[2.56, -0.07, 0.0, 0.0, 0.0, 0.0, -1.0]	[-0.08, 0.01, 1.19]	[0.2, 0.08, 1.1]	[0.17, -0.02, 1.08]	[0.28, 0.08, -0.09]	[0.26, -0.03, -0.11]
71	[2.56, -0.07, 0.0, 0.0, 0.0, 0.0, -1.0]	[-0.08, 0.01, 1.19]	[0.2, 0.08, 1.1]	[0.17, -0.02, 1.08]	[0.28, 0.08, -0.09]	[0.26, -0.03, -0.11]
72	[2.56, -0.07, 0.0, 0.0, 0.0, 0.0, -1.0]	[-0.08, 0.01, 1.19]	[0.2, 0.08, 1.1]	[0.17, -0.02, 1.08]	[0.28, 0.08, -0.09]	[0.26, -0.03, -0.11]
73	[2.56, -0.07, 0.0, 0.0, 0.0, 0.0, -1.0]	[-0.08, 0.01, 1.19]	[0.2, 0.08, 1.1]	[0.17, -0.02, 1.08]	[0.28, 0.08, -0.09]	[0.26, -0.03, -0.11]
74	[2.56, -0.07, 0.0, 0.0, 0.0, 0.0, -1.0]	[-0.08, 0.01, 1.19]	[0.2, 0.08, 1.1]	[0.17, -0.02, 1.08]	[0.28, 0.08, -0.09]	[0.26, -0.03, -0.11]
