step	action	robot0_eef_pos	door_pos	handle_pos	door_to_eef_pos	handle_to_eef_pos
0	[0.0, 0.0, 1.0, 0.0, 0.0, 0.0, -1.0]	[-0.1, -0.02, 1.04]	[-0.2, -0.36, 1.1]	[-0.15, -0.26, 1.08]	[-0.11, -0.34, 0.06]	[-0.05, -0.24, 0.03]
1	[0.0, 0.0, 1.0, 0.0, 0.0, 0.0, -1.0]	[-0.1, -0.02, 1.06]	[-0.2, -0.36, 1.1]	[-0.15, -0.26, 1.08]	[-0.1, -0.34, 0.04]	[-0.05, -0.24, 0.01]
2	[0.0, 0.0, 1.0, 0.0, 0.0, 0.0, -1.0]	[-0.1, -0.02, 1.08]	[-0.2, -0.36, 1.1]	[-0.15, -0.26, 1.08]	[-0.1, -0.34, 0.02]	[-0.05, -0.24, -0.01]
3	[0.0, 0.0, 1.0, 0.0, 0.0, 0.0, -1.0]	[-0.1, -0.02, 1.11]	[-0.2, -0.36, 1.1]	[-0.15, -0.26, 1.08]	[-0.1, -0.34, -0.01]	[-0.05, -0.24, -0.03]
4	[0.0, 0.0, 1.0, 0.0, 0.0, 0.0, -1.0]	[-0.11, -0.02, 1.13]	[-0.2, -0.36, 1.1]	[-0.15, -0.26, 1.08]	[-0.1, -0.34, -0.03]	[-0.04, -0.24, -0.05]
5	[0.0, 0.0, 1.0, 0.0, 0.0, 0.0, -1.0]	[-0.11, -0.02, 1.15]	[-0.2, -0.36, 1.1]	[-0.15, -0.26, 1.08]	[-0.1, -0.34, -0.05]	[-0.04, -0.24, -0.08]
6	[0.0, 0.0, 1.0, 0.0, 0.0, 0.0, -1.0]	[-0.11, -0.02, 1.17]	[-0.2, -0.36, 1.1]	[-0.15, -0.26, 1.08]	[-0.1, -0.34, -0.07]	[-0.04, -0.24, -0.1]
7	[-0.42, -2.14, 10.0, 0.0, 0.0, 0.0, -1.0]	[-0.12, -0.04, 1.2]	[-0.2, -0.36, 1.1]	[-0.15, -0.26, 1.08]	[-0.09, -0.32, -0.1]	[-0.03, -0.22, -0.12]
8	[-0.34, -1.98, 0.0, 0.0, 0.0, 0.0, -1.0]	[-0.12, -0.06, 1.21]	[-0.2, -0.36, 1.1]	[-0.15, -0.26, 1.08]	[-0.08, -0.3, -0.11]	[-0.03, -0.2, -0.13]
9	[-0.27, -1.76, 0.0, 0.0, 0.0, 0.0, -1.0]	[-0.13, -0.08, 1.21]	[-0.2, -0.36, 1.1]	[-0.15, -0.26, 1.08]	[-0.07, -0.28, -0.11]	[-0.02, -0.18, -0.13]
10	[-0.21, -1.52, 0.0, 0.0, 0.0, 0.0, -1.0]	[-0.13, -0.1, 1.21]	[-0.2, -0.36, 1.1]	[-0.15, -0.26, 1.08]	[-0.07, -0.25, -0.11]	[-0.02, -0.15, -0.13]
11	[-0.15, -1.29, 0.0, 0.0, 0.0, 0.0, -1.0]	[-0.14, -0.13, 1.21]	[-0.2, -0.36, 1.1]	[-0.15, -0.26, 1.08]	[-0.06, -0.23, -0.11]	[-0.01, -0.13, -0.13]
12	[-0.1, -1.06, 0.0, 0.0, 0.0, 0.0, -1.0]	[-0.14, -0.15, 1.2]	[-0.2, -0.36, 1.1]	[-0.15, -0.26, 1.08]	[-0.06, -0.21, -0.1]	[-0.01, -0.11, -0.13]
13	[-0.06, -0.84, 0.0, 0.0, 0.0, 0.0, -1.0]	[-0.15, -0.17, 1.2]	[-0.2, -0.36, 1.1]	[-0.15, -0.26, 1.08]	[-0.06, -0.19, -0.1]	[-0.0, -0.09, -0.13]
14	[-0.03, -0.63, 0.0, 0.0, 0.0, 0.0, -1.0]	[-0.15, -0.19, 1.2]	[-0.2, -0.36, 1.1]	[-0.15, -0.26, 1.08]	[-0.05, -0.17, -0.1]	[-0.0, -0.07, -0.13]
15	[-0.01, -0.47, 0.0, 0.0, 0.0, 0.0, -1.0]	[-0.15, -0.2, 1.2]	[-0.2, -0.36, 1.1]	[-0.15, -0.26, 1.08]	[-0.05, -0.16, -0.1]	[-0.0, -0.06, -0.13]
16	[-0.0, -0.35, 0.0, 0.0, 0.0, 0.0, -1.0]	[-0.15, -0.21, 1.2]	[-0.2, -0.36, 1.1]	[-0.15, -0.26, 1.08]	[-0.05, -0.15, -0.1]	[0.0, -0.05, -0.13]
17	[0.0, -0.26, 0.0, 0.0, 0.0, 0.0, -1.0]	[-0.15, -0.21, 1.2]	[-0.2, -0.36, 1.1]	[-0.15, -0.26, 1.08]	[-0.05, -0.14, -0.1]	[0.0, -0.04, -0.13]
18	[0.0, -0.19, 0.0, 0.0, 0.0, 0.0, -1.0]	[-0.15, -0.22, 1.2]	[-0.2, -0.36, 1.1]	[-0.15, -0.26, 1.08]	[-0.05, -0.14, -0.1]	[-0.0, -0.04, -0.13]
19	[-0.0, -0.14, 0.0, 0.0, 0.0, 0.0, -1.0]	[-0.15, -0.22, 1.2]	[-0.2, -0.36, 1.1]	[-0.15, -0.26, 1.08]	[-0.05, -0.13, -0.1]	[-0.0, -0.04, -0.13]
20	[-0.0, -0.1, 0.0, 0.0, 0.0, 0.0, -1.0]	[-0.15, -0.23, 1.2]	[-0.2, -0.36, 1.1]	[-0.15, -0.26, 1.08]	[-0.05, -0.13, -0.1]	[-0.0, -0.03, -0.13]
21	[-0.01, -0.12, -1.77, 0.0, 0.0, 0.0, -1.0]	[-0.15, -0.23, 1.19]	[-0.2, -0.36, 1.1]	[-0.15, -0.26, 1.08]	[-0.06, -0.13, -0.09]	[-0.0, -0.03, -0.11]
22	[-0.01, -0.1, -1.61, 0.0, 0.0, 0.0, -1.0]	[-0.15, -0.23, 1.16]	[-0.2, -0.36, 1.1]	[-0.15, -0.26, 1.08]	[-0.06, -0.13, -0.06]	[-0.0, -0.03, -0.09]
23	[-0.02, -0.08, -1.39, 0.0, 0.0, 0.0, -1.0]	[-0.15, -0.23, 1.14]	[-0.2, -0.36, 1.1]	[-0.15, -0.26, 1.08]	[-0.06, -0.12, -0.04]	[-0.0, -0.03, -0.07]
24	[-0.01, -0.06, -1.16, 0.0, 0.0, 0.0, -1.0]	[-0.15, -0.23, 1.12]	[-0.2, -0.36, 1.1]	[-0.15, -0.26, 1.08]	[-0.05, -0.12, -0.02]	[-0.0, -0.03, -0.04]
25	[-0.0, -0.05, -0.93, 0.0, 0.0, 0.0, -1.0]	[-0.15, -0.23, 1.1]	[-0.2, -0.36, 1.1]	[-0.15, -0.26, 1.07]	[-0.05, -0.12, 0.0]	[0.0, -0.02, -0.02]
26	[0.01, -0.05, -0.74, 0.0, 0.0, 0.0, -1.0]	[-0.15, -0.23, 1.08]	[-0.2, -0.36, 1.1]	[-0.15, -0.26, 1.06]	[-0.05, -0.12, 0.02]	[0.0, -0.02, -0.02]
27	[0.03, -0.04, -0.65, 0.0, 0.0, 0.0, -1.0]	[-0.15, -0.23, 1.06]	[-0.2, -0.36, 1.1]	[-0.15, -0.26, 1.06]	[-0.05, -0.12, 0.04]	[0.0, -0.02, -0.0]
28	[0.04, -0.04, -0.52, 0.0, 0.0, 0.0, -1.0]	[-0.15, -0.23, 1.05]	[-0.2, -0.36, 1.1]	[-0.15, -0.26, 1.06]	[-0.05, -0.12, 0.05]	[0.0, -0.02, 0.01]
29	[0.04, -0.04, -0.38, 0.0, 0.0, 0.0, -1.0]	[-0.15, -0.23, 1.04]	[-0.2, -0.36, 1.1]	[-0.15, -0.26, 1.05]	[-0.05, -0.12, 0.06]	[0.01, -0.02, 0.01]
30	[0.06, -0.04, -0.37, 0.0, 0.0, 0.0, -1.0]	[-0.15, -0.23, 1.03]	[-0.2, -0.36, 1.1]	[-0.15, -0.26, 1.04]	[-0.05, -0.12, 0.07]	[0.01, -0.02, 0.01]
31	[0.08, -0.04, -0.37, 0.0, 0.0, 0.0, -1.0]	[-0.15, -0.23, 1.02]	[-0.2, -0.36, 1.1]	[-0.14, -0.26, 1.03]	[-0.05, -0.12, 0.08]	[0.01, -0.02, 0.01]
32	[0.1, -0.04, -0.37, 0.0, 0.0, 0.0, -1.0]	[-0.15, -0.24, 1.01]	[-0.2, -0.36, 1.1]	[-0.14, -0.26, 1.02]	[-0.05, -0.12, 0.09]	[0.01, -0.02, 0.01]
33	[0.12, -0.04, -0.37, 0.0, 0.0, 0.0, -1.0]	[-0.15, -0.24, 1.0]	[-0.2, -0.36, 1.1]	[-0.13, -0.26, 1.01]	[-0.06, -0.12, 0.1]	[0.01, -0.02, 0.01]
34	[0.14, -0.04, -0.36, 0.0, 0.0, 0.0, -1.0]	[-0.14, -0.24, 0.99]	[-0.2, -0.36, 1.1]	[-0.13, -0.26, 1.01]	[-0.06, -0.12, 0.11]	[0.02, -0.02, 0.01]
35	[0.16, -0.04, -0.35, 0.0, 0.0, 0.0, -1.0]	[-0.14, -0.24, 0.98]	[-0.2, -0.36, 1.1]	[-0.12, -0.26, 1.0]	[-0.06, -0.12, 0.12]	[0.02, -0.02, 0.02]
36	[0.17, -0.03, -0.34, 0.0, 0.0, 0.0, -1.0]	[-0.14, -0.24, 0.97]	[-0.2, -0.36, 1.1]	[-0.12, -0.26, 0.99]	[-0.07, -0.12, 0.13]	[0.02, -0.02, 0.02]
37	[0.19, -0.03, -0.33, 0.0, 0.0, 0.0, -1.0]	[-0.13, -0.24, 0.97]	[-0.2, -0.36, 1.1]	[-0.11, -0.26, 0.98]	[-0.07, -0.12, 0.13]	[0.02, -0.02, 0.02]
38	[0.21, -0.03, -0.32, 0.0, 0.0, 0.0, -1.0]	[-0.13, -0.24, 0.96]	[-0.2, -0.36, 1.1]	[-0.11, -0.26, 0.98]	[-0.08, -0.12, 0.14]	[0.02, -0.02, 0.02]
39	[0.23, -0.03, -0.3, 0.0, 0.0, 0.0, -1.0]	[-0.12, -0.24, 0.95]	[-0.2, -0.36, 1.1]	[-0.1, -0.26, 0.97]	[-0.08, -0.12, 0.15]	[0.03, -0.02, 0.02]
40	[0.25, -0.02, -0.28, 0.0, 0.0, 0.0, -1.0]	[-0.12, -0.24, 0.95]	[-0.2, -0.36, 1.1]	[-0.09, -0.26, 0.97]	[-0.08, -0.12, 0.15]	[0.03, -0.02, 0.02]
41	[0.27, -0.02, -0.26, 0.0, 0.0, 0.0, -1.0]	[-0.11, -0.24, 0.94]	[-0.2, -0.36, 1.1]	[-0.09, -0.26, 0.97]	[-0.09, -0.12, 0.16]	[0.03, -0.02, 0.03]
42	[0.29, -0.02, -0.23, 0.0, 0.0, 0.0, -1.0]	[-0.11, -0.24, 0.93]	[-0.2, -0.36, 1.1]	[-0.08, -0.26, 0.96]	[-0.09, -0.12, 0.17]	[0.03, -0.02, 0.03]
43	[0.3, -0.01, -0.2, 0.0, 0.0, 0.0, -1.0]	[-0.11, -0.24, 0.93]	[-0.2, -0.36, 1.1]	[-0.07, -0.26, 0.96]	[-0.1, -0.12, 0.17]	[0.03, -0.02, 0.03]
44	[0.31, -0.01, -0.18, 0.0, 0.0, 0.0, -1.0]	[-0.1, -0.24, 0.92]	[-0.2, -0.36, 1.1]	[-0.07, -0.26, 0.96]	[-0.1, -0.12, 0.18]	[0.03, -0.02, 0.04]
45	[0.32, -0.01, -0.15, 0.0, 0.0, 0.0, -1.0]	[-0.1, -0.24, 0.92]	[-0.2, -0.36, 1.1]	[-0.06, -0.26, 0.96]	[-0.11, -0.12, 0.18]	[0.03, -0.02, 0.04]
46	[0.32, -0.01, -0.12, 0.0, 0.0, 0.0, -1.0]	[-0.09, -0.24, 0.91]	[-0.2, -0.36, 1.1]	[-0.06, -0.26, 0.95]	[-0.11, -0.12, 0.19]	[0.03, -0.02, 0.04]
47	[0.32, 0.79, 0.4, 0.0, 0.0, 0.0, -1.0]	[-0.09, -0.23, 0.92]	[-0.2, -0.35, 1.1]	[-0.06, -0.26, 0.95]	[-0.11, -0.12, 0.18]	[0.03, -0.03, 0.04]
48	[0.31, 0.74, 0.37, 0.0, 0.0, 0.0, -1.0]	[-0.1, -0.22, 0.92]	[-0.2, -0.34, 1.1]	[-0.07, -0.24, 0.96]	[-0.11, -0.13, 0.18]	[0.03, -0.03, 0.03]
49	[0.31, 0.74, 0.35, 0.0, 0.0, 0.0, -1.0]	[-0.1, -0.2, 0.92]	[-0.2, -0.34, 1.1]	[-0.07, -0.23, 0.96]	[-0.1, -0.13, 0.18]	[0.03, -0.03, 0.03]
50	[0.32, 0.74, 0.34, 0.0, 0.0, 0.0, -1.0]	[-0.1, -0.19, 0.92]	[-0.2, -0.33, 1.1]	[-0.07, -0.22, 0.96]	[-0.1, -0.14, 0.18]	[0.03, -0.03, 0.03]
51	[0.32, 0.72, 0.31, 0.0, 0.0, 0.0, -1.0]	[-0.11, -0.17, 0.93]	[-0.21, -0.32, 1.1]	[-0.08, -0.2, 0.95]	[-0.1, -0.14, 0.17]	[0.03, -0.03, 0.03]
52	[0.31, 0.71, 0.29, 0.0, 0.0, 0.0, -1.0]	[-0.11, -0.16, 0.93]	[-0.21, -0.31, 1.1]	[-0.08, -0.19, 0.95]	[-0.1, -0.15, 0.17]	[0.03, -0.03, 0.03]
53	[0.31, 0.7, 0.28, 0.0, 0.0, 0.0, -1.0]	[-0.11, -0.15, 0.93]	[-0.21, -0.3, 1.1]	[-0.08, -0.18, 0.95]	[-0.09, -0.16, 0.17]	[0.03, -0.03, 0.03]
54	[0.31, 0.68, 0.26, 0.0, 0.0, 0.0, -1.0]	[-0.12, -0.13, 0.93]	[-0.21, -0.29, 1.1]	[-0.09, -0.17, 0.95]	[-0.09, -0.16, 0.17]	[0.03, -0.03, 0.03]
55	[0.31, 0.67, 0.25, 0.0, 0.0, 0.0, -1.0]	[-0.12, -0.12, 0.93]	[-0.21, -0.29, 1.1]	[-0.09, -0.16, 0.95]	[-0.09, -0.17, 0.17]	[0.03, -0.03, 0.02]
56	[0.31, 0.66, 0.24, 0.0, 0.0, 0.0, -1.0]	[-0.12, -0.11, 0.93]	[-0.21, -0.28, 1.1]	[-0.09, -0.15, 0.95]	[-0.09, -0.17, 0.17]	[0.03, -0.04, 0.02]
57	[0.31, 0.64, 0.23, 0.0, 0.0, 0.0, -1.0]	[-0.13, -0.1, 0.93]	[-0.21, -0.27, 1.1]	[-0.09, -0.14, 0.95]	[-0.09, -0.18, 0.17]	[0.03, -0.04, 0.02]
58	[0.32, 0.63, 0.23, 0.0, 0.0, 0.0, -1.0]	[-0.13, -0.09, 0.93]	[-0.22, -0.27, 1.1]	[-0.1, -0.13, 0.95]	[-0.09, -0.18, 0.17]	[0.03, -0.04, 0.02]
59	[0.32, 0.62, 0.22, 0.0, 0.0, 0.0, -1.0]	[-0.13, -0.08, 0.93]	[-0.22, -0.26, 1.1]	[-0.1, -0.12, 0.95]	[-0.09, -0.18, 0.17]	[0.03, -0.04, 0.02]
60	[0.32, 0.61, 0.22, 0.0, 0.0, 0.0, -1.0]	[-0.14, -0.07, 0.93]	[-0.22, -0.26, 1.1]	[-0.1, -0.11, 0.95]	[-0.08, -0.19, 0.17]	[0.03, -0.04, 0.02]
61	[0.32, 0.6, 0.22, 0.0, 0.0, 0.0, -1.0]	[-0.14, -0.07, 0.93]	[-0.22, -0.26, 1.1]	[-0.11, -0.11, 0.95]	[-0.08, -0.19, 0.17]	[0.03, -0.04, 0.02]
62	[0.33, 0.59, 0.22, 0.0, 0.0, 0.0, -1.0]	[-0.14, -0.06, 0.93]	[-0.22, -0.26, 1.1]	[-0.11, -0.11, 0.95]	[-0.08, -0.2, 0.17]	[0.03, -0.05, 0.02]
63	[0.35, 0.51, 0.2, 0.0, 0.0, 0.0, -1.0]	[-0.14, -0.05, 0.93]	[-0.22, -0.26, 1.1]	[-0.1, -0.11, 0.95]	[-0.08, -0.21, 0.17]	[0.03, -0.06, 0.02]
64	[0.35, 0.43, 0.19, 0.0, 0.0, 0.0, -1.0]	[-0.14, -0.04, 0.93]	[-0.22, -0.26, 1.1]	[-0.11, -0.11, 0.95]	[-0.08, -0.22, 0.17]	[0.03, -0.07, 0.02]
65	[0.32, 0.34, 0.18, 0.0, 0.0, 0.0, -1.0]	[-0.14, -0.04, 0.93]	[-0.22, -0.26, 1.1]	[-0.1, -0.11, 0.95]	[-0.08, -0.22, 0.17]	[0.03, -0.07, 0.02]
66	[0.31, 0.28, 0.16, 0.0, 0.0, 0.0, -1.0]	[-0.13, -0.03, 0.94]	[-0.22, -0.26, 1.1]	[-0.1, -0.11, 0.95]	[-0.09, -0.23, 0.16]	[0.03, -0.08, 0.01]
67	[0.31, 0.23, 0.15, 0.0, 0.0, 0.0, -1.0]	[-0.13, -0.03, 0.94]	[-0.22, -0.26, 1.1]	[-0.1, -0.11, 0.95]	[-0.09, -0.23, 0.16]	[0.03, -0.08, 0.01]
68	[0.3, 0.19, 0.14, 0.0, 0.0, 0.0, -1.0]	[-0.13, -0.02, 0.94]	[-0.22, -0.26, 1.1]	[-0.1, -0.11, 0.95]	[-0.09, -0.24, 0.16]	[0.03, -0.09, 0.01]
69	[0.3, 0.15, 0.13, 0.0, 0.0, 0.0, -1.0]	[-0.13, -0.02, 0.94]	[-0.22, -0.26, 1.1]	[-0.1, -0.11, 0.95]	[-0.09, -0.24, 0.16]	[0.03, -0.09, 0.01]
70	[0.29, 0.12, 0.13, 0.0, 0.0, 0.0, -1.0]	[-0.13, -0.02, 0.94]	[-0.22, -0.26, 1.1]	[-0.1, -0.11, 0.95]	[-0.09, -0.24, 0.16]	[0.03, -0.09, 0.01]
71	[0.29, 0.09, 0.12, 0.0, 0.0, 0.0, -1.0]	[-0.13, -0.01, 0.94]	[-0.22, -0.26, 1.1]	[-0.1, -0.11, 0.95]	[-0.09, -0.24, 0.16]	[0.03, -0.09, 0.01]
72	[0.29, 0.08, 0.12, 0.0, 0.0, 0.0, -1.0]	[-0.13, -0.01, 0.94]	[-0.22, -0.26, 1.1]	[-0.1, -0.11, 0.95]	[-0.09, -0.24, 0.16]	[0.03, -0.09, 0.01]
73	[0.29, 0.07, 0.12, 0.0, 0.0, 0.0, -1.0]	[-0.13, -0.01, 0.94]	[-0.22, -0.26, 1.1]	[-0.1, -0.11, 0.95]	[-0.09, -0.24, 0.16]	[0.03, -0.09, 0.01]
74	[0.29, 0.07, 0.12, 0.0, 0.0, 0.0, -1.0]	[-0.13, -0.01, 0.94]	[-0.22, -0.26, 1.1]	[-0.1, -0.11, 0.95]	[-0.09, -0.24, 0.16]	[0.03, -0.09, 0.01]
75	[0.29, 0.07, 0.12, 0.0, 0.0, 0.0, -1.0]	[-0.13, -0.01, 0.94]	[-0.22, -0.26, 1.1]	[-0.1, -0.11, 0.95]	[-0.09, -0.24, 0.16]	[0.03, -0.09, 0.01]
76	[0.29, 0.07, 0.12, 0.0, 0.0, 0.0, -1.0]	[-0.13, -0.01, 0.94]	[-0.22, -0.26, 1.1]	[-0.1, -0.11, 0.95]	[-0.09, -0.24, 0.16]	[0.03, -0.09, 0.01]
77	[0.29, 0.07, 0.12, 0.0, 0.0, 0.0, -1.0]	[-0.13, -0.02, 0.94]	[-0.22, -0.26, 1.1]	[-0.1, -0.11, 0.95]	[-0.09, -0.24, 0.16]	[0.03, -0.09, 0.01]
78	[0.3, 0.07, 0.12, 0.0, 0.0, 0.0, -1.0]	[-0.13, -0.02, 0.94]	[-0.22, -0.26, 1.1]	[-0.1, -0.11, 0.95]	[-0.09, -0.24, 0.16]	[0.03, -0.09, 0.01]
79	[0.3, 0.07, 0.12, 0.0, 0.0, 0.0, -1.0]	[-0.13, -0.02, 0.94]	[-0.22, -0.26, 1.1]	[-0.1, -0.11, 0.95]	[-0.09, -0.24, 0.16]	[0.03, -0.09, 0.01]
