step	action	robot0_eef_pos	Can_pos	Can_to_robot0_eef_pos
0	[1.28, -2.63, 0.0, 0.0, 0.0, 0.0, -1.0]	[-0.03, -0.1, 1.01]	[0.09, -0.35, 0.86]	[0.09, 0.25, 0.16]
1	[1.14, -2.49, 0.0, 0.0, 0.0, 0.0, -1.0]	[-0.01, -0.12, 1.01]	[0.09, -0.35, 0.86]	[0.07, 0.23, 0.16]
2	[0.95, -2.31, 0.0, 0.0, 0.0, 0.0, -1.0]	[0.01, -0.14, 1.0]	[0.09, -0.35, 0.86]	[0.05, 0.21, 0.15]
3	[0.75, -2.1, 0.0, 0.0, 0.0, 0.0, -1.0]	[0.03, -0.17, 1.0]	[0.09, -0.35, 0.86]	[0.03, 0.19, 0.15]
4	[0.58, -1.87, 0.0, 0.0, 0.0, 0.0, -1.0]	[0.04, -0.19, 1.0]	[0.09, -0.35, 0.86]	[0.02, 0.16, 0.15]
5	[0.44, -1.62, 0.0, 0.0, 0.0, 0.0, -1.0]	[0.05, -0.22, 1.0]	[0.09, -0.35, 0.86]	[0.01, 0.14, 0.14]
6	[0.33, -1.38, 0.0, 0.0, 0.0, 0.0, -1.0]	[0.06, -0.24, 1.0]	[0.09, -0.35, 0.86]	[0.0, 0.11, 0.14]
7	[0.25, -1.13, 0.0, 0.0, 0.0, 0.0, -1.0]	[0.07, -0.26, 1.0]	[0.09, -0.35, 0.86]	[-0.0, 0.09, 0.14]
8	[0.18, -0.89, 0.0, 0.0, 0.0, 0.0, -1.0]	[0.07, -0.29, 1.0]	[0.09, -0.35, 0.86]	[-0.0, 0.07, 0.14]
9	[0.14, -0.67, 0.0, 0.0, 0.0, 0.0, -1.0]	[0.08, -0.3, 1.0]	[0.09, -0.35, 0.86]	[-0.01, 0.05, 0.14]
10	[0.1, -0.49, 0.0, 0.0, 0.0, 0.0, -1.0]	[0.08, -0.32, 1.0]	[0.09, -0.35, 0.86]	[-0.01, 0.04, 0.14]
11	[0.08, -0.35, 0.0, 0.0, 0.0, 0.0, -1.0]	[0.08, -0.33, 1.0]	[0.09, -0.35, 0.86]	[-0.01, 0.03, 0.14]
12	[0.05, -0.24, 0.0, 0.0, 0.0, 0.0, -1.0]	[0.08, -0.34, 1.01]	[0.09, -0.35, 0.86]	[-0.01, 0.02, 0.14]
13	[0.04, -0.17, 0.0, 0.0, 0.0, 0.0, -1.0]	[0.08, -0.34, 1.01]	[0.09, -0.35, 0.86]	[-0.01, 0.01, 0.14]
14	[0.03, -0.12, 0.0, 0.0, 0.0, 0.0, -1.0]	[0.08, -0.34, 1.01]	[0.09, -0.35, 0.86]	[-0.01, 0.01, 0.15]
15	[0.02, -0.08, -1.31, 0.0, 0.0, 0.0, -1.0]	[0.09, -0.35, 0.99]	[0.09, -0.35, 0.86]	[-0.01, 0.01, 0.13]
16	[0.0, -0.07, -1.14, 0.0, 0.0, 0.0, -1.0]	[0.09, -0.35, 0.97]	[0.09, -0.35, 0.86]	[-0.01, 0.01, 0.11]
17	[-0.01, -0.06, -0.91, 0.0, 0.0, 0.0, -1.0]	[0.09, -0.35, 0.95]	[0.09, -0.35, 0.86]	[-0.01, 0.0, 0.08]
18	[-0.01, -0.05, -0.7, 0.0, 0.0, 0.0, -1.0]	[0.09, -0.35, 0.93]	[0.09, -0.35, 0.86]	[-0.01, 0.0, 0.07]
19	[-0.01, -0.04, -0.52, 0.0, 0.0, 0.0, -1.0]	[0.09, -0.35, 0.91]	[0.09, -0.35, 0.86]	[-0.01, 0.0, 0.05]
20	[0.0, -0.03, -0.39, 0.0, 0.0, 0.0, -1.0]	[0.08, -0.35, 0.9]	[0.09, -0.35, 0.86]	[-0.0, 0.0, 0.04]
21	[0.01, -0.02, -0.28, 0.0, 0.0, 0.0, -1.0]	[0.08, -0.35, 0.9]	[0.09, -0.35, 0.86]	[-0.0, 0.0, 0.04]
22	[0.02, -0.01, -0.21, 0.0, 0.0, 0.0, -1.0]	[0.08, -0.35, 0.89]	[0.09, -0.35, 0.86]	[-0.0, 0.0, 0.03]
23	[0.02, -0.0, -0.15, 0.0, 0.0, 0.0, -1.0]	[0.08, -0.35, 0.89]	[0.09, -0.35, 0.86]	[-0.0, -0.0, 0.03]
24	[0.03, 0.0, -0.11, 0.0, 0.0, 0.0, -1.0]	[0.08, -0.35, 0.88]	[0.09, -0.35, 0.86]	[-0.0, -0.0, 0.02]
25	[0.0, 0.0, 0.0, 0.0, 0.0, 0.0, 1.0]	[0.08, -0.35, 0.88]	[0.09, -0.35, 0.86]	[0.0, -0.0, 0.02]
26	[0.0, 0.0, 0.0, 0.0, 0.0, 0.0, 1.0]	[0.08, -0.35, 0.88]	[0.09, -0.35, 0.86]	[0.0, -0.0, 0.02]
27	[0.0, 0.0, 1.0, 0.0, 0.0, 0.0, 1.0]	[0.08, -0.35, 0.9]	[0.08, -0.35, 0.87]	[0.0, -0.0, 0.03]
28	[0.0, 0.0, 1.0, 0.0, 0.0, 0.0, 1.0]	[0.08, -0.36, 0.92]	[0.08, -0.36, 0.89]	[0.0, -0.0, 0.03]
29	[0.0, 0.0, 1.0, 0.0, 0.0, 0.0, 1.0]	[0.08, -0.36, 0.94]	[0.08, -0.36, 0.92]	[0.0, -0.0, 0.03]
30	[0.0, 0.0, 1.0, 0.0, 0.0, 0.0, 1.0]	[0.08, -0.36, 0.96]	[0.08, -0.36, 0.94]	[0.0, -0.0, 0.03]
31	[0.0, 0.0, 1.0, 0.0, 0.0, 0.0, 1.0]	[0.08, -0.36, 0.99]	[0.08, -0.36, 0.96]	[0.0, -0.0, 0.03]
32	[0.0, 0.0, 1.0, 0.0, 0.0, 0.0, 1.0]	[0.07, -0.36, 1.01]	[0.08, -0.36, 0.98]	[0.0, -0.0, 0.03]
33	[0.0, 0.0, 1.0, 0.0, 0.0, 0.0, 1.0]	[0.07, -0.36, 1.03]	[0.08, -0.36, 1.01]	[0.0, -0.0, 0.03]
34	[1.2, 7.58, 10.0, 0.0, 0.0, 0.0, 1.0]	[0.09, -0.34, 1.05]	[0.09, -0.34, 1.03]	[0.0, -0.0, 0.03]
35	[1.07, 7.43, 0.0, 0.0, 0.0, 0.0, 1.0]	[0.11, -0.32, 1.06]	[0.11, -0.32, 1.03]	[0.0, -0.0, 0.03]
36	[0.88, 7.2, 0.0, 0.0, 0.0, 0.0, 1.0]	[0.12, -0.29, 1.05]	[0.13, -0.29, 1.03]	[0.0, -0.0, 0.03]
37	[0.69, 6.96, 0.0, 0.0, 0.0, 0.0, 1.0]	[0.14, -0.27, 1.05]	[0.15, -0.27, 1.03]	[0.0, 0.0, 0.03]
38	[0.52, 6.72, 0.0, 0.0, 0.0, 0.0, 1.0]	[0.16, -0.25, 1.05]	[0.16, -0.25, 1.03]	[0.0, 0.0, 0.03]
39	[0.39, 6.48, 0.0, 0.0, 0.0, 0.0, 1.0]	[0.17, -0.22, 1.05]	[0.17, -0.22, 1.03]	[0.0, 0.0, 0.03]
40	[0.28, 6.25, 0.0, 0.0, 0.0, 0.0, 1.0]	[0.17, -0.2, 1.06]	[0.18, -0.2, 1.03]	[0.0, 0.0, 0.03]
41	[0.2, 6.02, 0.0, 0.0, 0.0, 0.0, 1.0]	[0.18, -0.18, 1.06]	[0.18, -0.18, 1.03]	[0.0, 0.0, 0.03]
42	[0.14, 5.78, 0.0, 0.0, 0.0, 0.0, 1.0]	[0.18, -0.15, 1.06]	[0.19, -0.15, 1.03]	[0.0, 0.0, 0.03]
43	[0.09, 5.55, 0.0, 0.0, 0.0, 0.0, 1.0]	[0.19, -0.13, 1.06]	[0.19, -0.13, 1.03]	[0.0, 0.0, 0.03]
44	[0.07, 5.32, 0.0, 0.0, 0.0, 0.0, 1.0]	[0.19, -0.11, 1.06]	[0.19, -0.11, 1.03]	[0.0, 0.0, 0.03]
45	[0.05, 5.1, 0.0, 0.0, 0.0, 0.0, 1.0]	[0.19, -0.08, 1.06]	[0.19, -0.08, 1.03]	[0.0, 0.0, 0.03]
46	[0.04, 4.87, 0.0, 0.0, 0.0, 0.0, 1.0]	[0.19, -0.06, 1.06]	[0.19, -0.06, 1.03]	[0.0, 0.0, 0.03]
47	[0.03, 4.64, 0.0, 0.0, 0.0, 0.0, 1.0]	[0.19, -0.04, 1.06]	[0.19, -0.04, 1.03]	[0.0, 0.0, 0.03]
48	[0.03, 4.41, 0.0, 0.0, 0.0, 0.0, 1.0]	[0.19, -0.02, 1.06]	[0.19, -0.02, 1.03]	[0.0, 0.0, 0.03]
49	[0.04, 4.18, 0.0, 0.0, 0.0, 0.0, 1.0]	[0.19, 0.01, 1.06]	[0.19, 0.01, 1.03]	[0.0, 0.0, 0.03]
50	[0.04, 3.95, 0.0, 0.0, 0.0, 0.0, 1.0]	[0.19, 0.03, 1.06]	[0.19, 0.03, 1.03]	[0.0, 0.0, 0.03]
51	[0.04, 3.72, 0.0, 0.0, 0.0, 0.0, 1.0]	[0.19, 0.05, 1.05]	[0.19, 0.05, 1.03]	[0.0, 0.0, 0.03]
52	[0.05, 3.49, 0.0, 0.0, 0.0, 0.0, 1.0]	[0.19, 0.08, 1.05]	[0.19, 0.08, 1.03]	[0.0, 0.0, 0.03]
53	[0.05, 3.27, 0.0, 0.0, 0.0, 0.0, 1.0]	[0.19, 0.1, 1.05]	[0.19, 0.1, 1.03]	[0.0, 0.0, 0.03]
54	[0.05, 3.04, 0.0, 0.0, 0.0, 0.0, 1.0]	[0.19, 0.12, 1.05]	[0.19, 0.12, 1.03]	[0.0, 0.0, 0.03]
55	[0.05, 2.81, 0.0, 0.0, 0.0, 0.0, 1.0]	[0.19, 0.14, 1.05]	[0.19, 0.14, 1.02]	[0.0, 0.0, 0.03]
56	[0.05, 2.59, 0.0, 0.0, 0.0, 0.0, 1.0]	[0.19, 0.17, 1.05]	[0.19, 0.17, 1.02]	[0.0, 0.0, 0.03]
57	[0.05, 2.36, 0.0, 0.0, 0.0, 0.0, 1.0]	[0.19, 0.19, 1.05]	[0.19, 0.19, 1.02]	[0.0, 0.0, 0.03]
58	[0.05, 2.14, 0.0, 0.0, 0.0, 0.0, 1.0]	[0.19, 0.21, 1.05]	[0.19, 0.21, 1.02]	[0.0, 0.0, 0.03]
59	[0.06, 1.92, 0.0, 0.0, 0.0, 0.0, 1.0]	[0.19, 0.23, 1.04]	[0.19, 0.23, 1.02]	[0.0, 0.0, 0.03]
60	[0.06, 1.69, 0.0, 0.0, 0.0, 0.0, 1.0]	[0.19, 0.26, 1.04]	[0.19, 0.26, 1.02]	[0.0, 0.0, 0.03]
61	[0.06, 1.47, 0.0, 0.0, 0.0, 0.0, 1.0]	[0.19, 0.28, 1.04]	[0.19, 0.28, 1.02]	[0.0, 0.0, 0.03]
62	[0.07, 1.26, 0.0, 0.0, 0.0, 0.0, 1.0]	[0.19, 0.3, 1.04]	[0.19, 0.3, 1.01]	[0.0, 0.0, 0.03]
63	[0.07, 1.04, 0.0, 0.0, 0.0, 0.0, 1.0]	[0.18, 0.32, 1.04]	[0.19, 0.32, 1.01]	[0.0, 0.0, 0.03]
64	[0.08, 0.83, 0.0, 0.0, 0.0, 0.0, 1.0]	[0.18, 0.34, 1.03]	[0.19, 0.34, 1.01]	[0.0, 0.0, 0.03]
65	[0.09, 0.64, 0.0, 0.0, 0.0, 0.0, 1.0]	[0.18, 0.35, 1.03]	[0.19, 0.35, 1.0]	[0.0, 0.0, 0.03]
66	[0.1, 0.5, 0.0, 0.0, 0.0, 0.0, 1.0]	[0.18, 0.36, 1.03]	[0.19, 0.36, 1.0]	[0.0, 0.0, 0.03]
67	[0.11, 0.38, 0.0, 0.0, 0.0, 0.0, 1.0]	[0.18, 0.37, 1.02]	[0.19, 0.37, 1.0]	[0.0, 0.0, 0.03]
68	[0.12, 0.3, 0.0, 0.0, 0.0, 0.0, 1.0]	[0.18, 0.38, 1.02]	[0.18, 0.38, 1.0]	[0.0, 0.0, 0.03]
69	[0.13, 0.24, 0.0, 0.0, 0.0, 0.0, 1.0]	[0.18, 0.38, 1.02]	[0.18, 0.38, 0.99]	[0.0, 0.0, 0.03]
70	[0.14, 0.2, 0.0, 0.0, 0.0, 0.0, 1.0]	[0.18, 0.38, 1.01]	[0.18, 0.39, 0.98]	[0.0, 0.0, 0.03]
71	[0.15, 0.17, 0.0, 0.0, 0.0, 0.0, 1.0]	[0.18, 0.39, 1.0]	[0.18, 0.39, 0.98]	[0.0, 0.0, 0.03]
72	[0.17, 0.17, 0.0, 0.0, 0.0, 0.0, 1.0]	[0.17, 0.39, 1.0]	[0.18, 0.39, 0.97]	[0.0, 0.0, 0.03]
73	[0.18, 0.16, 0.0, 0.0, 0.0, 0.0, 1.0]	[0.17, 0.39, 0.99]	[0.18, 0.39, 0.96]	[0.0, 0.0, 0.03]
74	[0.19, 0.16, 0.0, 0.0, 0.0, 0.0, 1.0]	[0.17, 0.39, 0.98]	[0.18, 0.39, 0.95]	[0.0, 0.0, 0.03]
75	[0.21, 0.17, 0.0, 0.0, 0.0, 0.0, 1.0]	[0.17, 0.38, 0.97]	[0.18, 0.39, 0.95]	[0.0, 0.0, 0.03]
76	[0.22, 0.17, 0.0, 0.0, 0.0, 0.0, 1.0]	[0.17, 0.38, 0.96]	[0.18, 0.39, 0.94]	[0.0, 0.0, 0.03]
77	[0.22, 0.17, 0.0, 0.0, 0.0, 0.0, 1.0]	[0.17, 0.38, 0.96]	[0.18, 0.39, 0.93]	[0.0, 0.0, 0.03]
78	[0.22, 0.17, 0.0, 0.0, 0.0, 0.0, 1.0]	[0.17, 0.38, 0.95]	[0.18, 0.38, 0.92]	[0.0, 0.0, 0.03]
79	[0.22, 0.18, 0.0, 0.0, 0.0, 0.0, 1.0]	[0.17, 0.38, 0.94]	[0.18, 0.38, 0.92]	[0.0, 0.0, 0.03]
80	[0.22, 0.18, 0.0, 0.0, 0.0, 0.0, 1.0]	[0.17, 0.38, 0.93]	[0.18, 0.38, 0.91]	[0.0, 0.0, 0.03]
81	[0.22, 0.18, 0.0, 0.0, 0.0, 0.0, 1.0]	[0.17, 0.38, 0.93]	[0.18, 0.38, 0.9]	[0.0, 0.0, 0.03]
82	[0.22, 0.18, 0.0, 0.0, 0.0, 0.0, 1.0]	[0.17, 0.38, 0.92]	[0.18, 0.38, 0.89]	[0.0, 0.0, 0.03]
83	[0.22, 0.18, 0.0, 0.0, 0.0, 0.0, 1.0]	[0.17, 0.38, 0.91]	[0.17, 0.38, 0.89]	[0.0, 0.0, 0.03]
84	[0.23, 0.19, 0.0, 0.0, 0.0, 0.0, 1.0]	[0.17, 0.38, 0.9]	[0.17, 0.38, 0.88]	[0.0, 0.0, 0.03]
85	[0.25, 0.2, 0.0, 0.0, 0.0, 0.0, 1.0]	[0.16, 0.38, 0.89]	[0.17, 0.38, 0.87]	[0.0, 0.0, 0.03]
86	[0.27, 0.22, 0.0, 0.0, 0.0, 0.0, 1.0]	[0.16, 0.38, 0.88]	[0.17, 0.38, 0.86]	[0.0, 0.0, 0.03]
87	[0.29, 0.24, 0.0, 0.0, 0.0, 0.0, 1.0]	[0.16, 0.38, 0.88]	[0.17, 0.38, 0.85]	[0.0, 0.0, 0.03]
88	[0.29, 0.24, 0.0, 0.0, 0.0, 0.0, 1.0]	[0.16, 0.38, 0.88]	[0.17, 0.38, 0.86]	[0.0, 0.0, 0.02]
89	[0.28, 0.24, 0.0, 0.0, 0.0, 0.0, 1.0]	[0.16, 0.38, 0.88]	[0.17, 0.38, 0.86]	[0.0, 0.0, 0.02]
90	[0.28, 0.23, 0.0, 0.0, 0.0, 0.0, 1.0]	[0.16, 0.38, 0.88]	[0.17, 0.38, 0.86]	[0.0, 0.0, 0.02]
91	[0.27, 0.22, 0.0, 0.0, 0.0, 0.0, 1.0]	[0.17, 0.38, 0.88]	[0.17, 0.38, 0.86]	[0.0, 0.0, 0.02]
92	[0.23, 0.2, 0.0, 0.0, 0.0, 0.0, 1.0]	[0.17, 0.38, 0.88]	[0.18, 0.38, 0.86]	[0.0, 0.0, 0.02]
93	[0.22, 0.2, 0.0, 0.0, 0.0, 0.0, 1.0]	[0.17, 0.38, 0.88]	[0.18, 0.38, 0.86]	[0.0, 0.0, 0.02]
94	[0.22, 0.2, 0.0, 0.0, 0.0, 0.0, 1.0]	[0.17, 0.38, 0.88]	[0.18, 0.38, 0.86]	[0.0, 0.0, 0.02]
95	[0.22, 0.2, 0.0, 0.0, 0.0, 0.0, 1.0]	[0.17, 0.38, 0.88]	[0.18, 0.38, 0.86]	[0.0, 0.0, 0.02]
96	[0.22, 0.2, 0.0, 0.0, 0.0, 0.0, 1.0]	[0.17, 0.38, 0.88]	[0.18, 0.38, 0.86]	[0.0, 0.0, 0.02]
97	[0.22, 0.2, 0.0, 0.0, 0.0, 0.0, 1.0]	[0.17, 0.38, 0.88]	[0.18, 0.38, 0.86]	[0.0, 0.0, 0.02]
98	[0.21, 0.2, 0.0, 0.0, 0.0, 0.0, 1.0]	[0.17, 0.38, 0.88]	[0.18, 0.38, 0.86]	[0.0, 0.0, 0.02]
99	[0.21, 0.2, 0.0, 0.0, 0.0, 0.0, 1.0]	[0.17, 0.38, 0.88]	[0.18, 0.38, 0.86]	[0.0, 0.0, 0.02]
100	[0.21, 0.2, 0.0, 0.0, 0.0, 0.0, 1.0]	[0.17, 0.38, 0.88]	[0.18, 0.38, 0.86]	[0.0, 0.0, 0.02]
101	[0.21, 0.2, 0.0, 0.0, 0.0, 0.0, 1.0]	[0.17, 0.38, 0.88]	[0.18, 0.38, 0.86]	[0.0, 0.0, 0.02]
102	[0.21, 0.2, 0.0, 0.0, 0.0, 0.0, 1.0]	[0.17, 0.38, 0.88]	[0.18, 0.38, 0.86]	[0.0, 0.0, 0.02]
103	[0.21, 0.2, 0.0, 0.0, 0.0, 0.0, 1.0]	[0.17, 0.38, 0.88]	[0.18, 0.38, 0.86]	[0.0, 0.0, 0.02]
104	[0.22, 0.2, 0.0, 0.0, 0.0, 0.0, 1.0]	[0.17, 0.38, 0.88]	[0.18, 0.38, 0.86]	[0.0, 0.0, 0.02]
105	[0.22, 0.2, 0.0, 0.0, 0.0, 0.0, 1.0]	[0.17, 0.38, 0.88]	[0.18, 0.38, 0.86]	[0.0, 0.0, 0.02]
106	[0.22, 0.2, 0.0, 0.0, 0.0, 0.0, 1.0]	[0.17, 0.38, 0.88]	[0.18, 0.38, 0.86]	[0.0, 0.0, 0.02]
107	[0.22, 0.2, 0.0, 0.0, 0.0, 0.0, 1.0]	[0.17, 0.38, 0.88]	[0.18, 0.38, 0.86]	[0.0, 0.0, 0.02]
108	[0.22, 0.2, 0.0, 0.0, 0.0, 0.0, 1.0]	[0.17, 0.38, 0.88]	[0.18, 0.38, 0.86]	[0.0, 0.0, 0.02]
109	[0.22, 0.2, 0.0, 0.0, 0.0, 0.0, 1.0]	[0.17, 0.38, 0.88]	[0.18, 0.38, 0.86]	[0.0, 0.0, 0.02]
110	[0.22, 0.2, 0.0, 0.0, 0.0, 0.0, 1.0]	[0.17, 0.38, 0.88]	[0.18, 0.38, 0.86]	[0.0, -0.0, 0.02]
111	[0.22, 0.2, 0.0, 0.0, 0.0, 0.0, 1.0]	[0.17, 0.38, 0.88]	[0.18, 0.38, 0.86]	[0.0, -0.0, 0.02]
112	[0.22, 0.2, 0.0, 0.0, 0.0, 0.0, 1.0]	[0.17, 0.38, 0.88]	[0.18, 0.38, 0.86]	[0.0, -0.0, 0.02]
113	[0.22, 0.2, 0.0, 0.0, 0.0, 0.0, 1.0]	[0.17, 0.38, 0.88]	[0.18, 0.38, 0.86]	[0.0, 0.0, 0.02]
114	[0.22, 0.2, 0.0, 0.0, 0.0, 0.0, 1.0]	[0.17, 0.38, 0.88]	[0.18, 0.38, 0.86]	[0.0, 0.0, 0.02]
115	[0.22, 0.2, 0.0, 0.0, 0.0, 0.0, 1.0]	[0.17, 0.38, 0.88]	[0.18, 0.38, 0.86]	[0.0, 0.0, 0.02]
116	[0.22, 0.2, 0.0, 0.0, 0.0, 0.0, 1.0]	[0.17, 0.38, 0.88]	[0.18, 0.38, 0.86]	[0.0, 0.0, 0.02]
117	[0.22, 0.2, 0.0, 0.0, 0.0, 0.0, 1.0]	[0.17, 0.38, 0.88]	[0.18, 0.38, 0.86]	[0.0, 0.0, 0.02]
118	[0.22, 0.2, 0.0, 0.0, 0.0, 0.0, 1.0]	[0.17, 0.38, 0.88]	[0.18, 0.38, 0.86]	[0.0, -0.0, 0.02]
119	[0.22, 0.2, 0.0, 0.0, 0.0, 0.0, 1.0]	[0.17, 0.38, 0.88]	[0.18, 0.38, 0.86]	[0.0, -0.0, 0.02]
