step	action	robot0_eef_pos	Can_pos	Can_to_robot0_eef_pos
0	[1.46, -2.08, 0.0, 0.0, 0.0, 0.0, -1.0]	[-0.03, -0.11, 1.0]	[0.11, -0.3, 0.86]	[0.11, 0.19, 0.15]
1	[1.32, -1.94, 0.0, 0.0, 0.0, 0.0, -1.0]	[-0.01, -0.12, 1.0]	[0.11, -0.3, 0.86]	[0.09, 0.18, 0.15]
2	[1.12, -1.76, 0.0, 0.0, 0.0, 0.0, -1.0]	[0.01, -0.14, 1.0]	[0.11, -0.3, 0.86]	[0.07, 0.16, 0.15]
3	[0.92, -1.55, 0.0, 0.0, 0.0, 0.0, -1.0]	[0.03, -0.17, 0.99]	[0.11, -0.3, 0.86]	[0.05, 0.13, 0.14]
4	[0.72, -1.32, 0.0, 0.0, 0.0, 0.0, -1.0]	[0.05, -0.19, 0.99]	[0.11, -0.3, 0.86]	[0.04, 0.11, 0.14]
5	[0.55, -1.07, 0.0, 0.0, 0.0, 0.0, -1.0]	[0.06, -0.22, 0.99]	[0.11, -0.3, 0.86]	[0.03, 0.08, 0.14]
6	[0.42, -0.82, 0.0, 0.0, 0.0, 0.0, -1.0]	[0.07, -0.24, 0.99]	[0.11, -0.3, 0.86]	[0.02, 0.06, 0.14]
7	[0.31, -0.6, 0.0, 0.0, 0.0, 0.0, -1.0]	[0.08, -0.26, 0.99]	[0.11, -0.3, 0.86]	[0.01, 0.05, 0.14]
8	[0.23, -0.43, 0.0, 0.0, 0.0, 0.0, -1.0]	[0.09, -0.27, 1.0]	[0.11, -0.3, 0.86]	[0.0, 0.03, 0.14]
9	[0.16, -0.3, 0.0, 0.0, 0.0, 0.0, -1.0]	[0.09, -0.28, 1.0]	[0.11, -0.3, 0.86]	[-0.0, 0.02, 0.14]
10	[0.11, -0.2, 0.0, 0.0, 0.0, 0.0, -1.0]	[0.1, -0.29, 1.0]	[0.11, -0.3, 0.86]	[-0.01, 0.02, 0.14]
11	[0.07, -0.14, 0.0, 0.0, 0.0, 0.0, -1.0]	[0.1, -0.29, 1.0]	[0.11, -0.3, 0.86]	[-0.01, 0.01, 0.14]
12	[0.05, -0.1, 0.0, 0.0, 0.0, 0.0, -1.0]	[0.1, -0.29, 1.0]	[0.11, -0.3, 0.86]	[-0.01, 0.01, 0.14]
13	[0.03, -0.07, -1.24, 0.0, 0.0, 0.0, -1.0]	[0.1, -0.29, 0.98]	[0.11, -0.3, 0.86]	[-0.01, 0.01, 0.12]
14	[0.01, -0.05, -1.08, 0.0, 0.0, 0.0, -1.0]	[0.11, -0.29, 0.96]	[0.11, -0.3, 0.86]	[-0.01, 0.01, 0.1]
15	[-0.0, -0.05, -0.85, 0.0, 0.0, 0.0, -1.0]	[0.11, -0.29, 0.94]	[0.11, -0.3, 0.86]	[-0.01, 0.01, 0.08]
16	[-0.0, -0.05, -0.64, 0.0, 0.0, 0.0, -1.0]	[0.11, -0.3, 0.93]	[0.11, -0.3, 0.86]	[-0.01, 0.0, 0.07]
17	[-0.04, -0.02, -0.57, 0.0, 0.0, 0.0, -1.0]	[0.11, -0.3, 0.93]	[0.11, -0.3, 0.86]	[-0.02, -0.0, 0.07]
18	[-0.08, 0.05, -0.58, 0.0, 0.0, 0.0, -1.0]	[0.12, -0.31, 0.93]	[0.11, -0.3, 0.86]	[-0.02, -0.01, 0.07]
19	[-0.12, 0.12, -0.59, 0.0, 0.0, 0.0, -1.0]	[0.12, -0.32, 0.93]	[0.1, -0.3, 0.86]	[-0.02, -0.01, 0.07]
20	[-0.17, 0.18, -0.6, 0.0, 0.0, 0.0, -1.0]	[0.13, -0.32, 0.93]	[0.11, -0.3, 0.86]	[-0.03, -0.02, 0.07]
21	[-0.2, 0.23, -0.59, 0.0, 0.0, 0.0, -1.0]	[0.13, -0.33, 0.93]	[0.11, -0.3, 0.86]	[-0.03, -0.02, 0.07]
22	[-0.23, 0.26, -0.59, 0.0, 0.0, 0.0, -1.0]	[0.13, -0.33, 0.93]	[0.11, -0.3, 0.86]	[-0.03, -0.03, 0.07]
23	[-0.26, 0.29, -0.59, 0.0, 0.0, 0.0, -1.0]	[0.13, -0.33, 0.93]	[0.11, -0.3, 0.86]	[-0.03, -0.03, 0.07]
24	[-0.27, 0.31, -0.59, 0.0, 0.0, 0.0, -1.0]	[0.13, -0.33, 0.93]	[0.11, -0.3, 0.86]	[-0.04, -0.03, 0.07]
25	[-0.28, 0.33, -0.59, 0.0, 0.0, 0.0, -1.0]	[0.13, -0.33, 0.93]	[0.11, -0.3, 0.86]	[-0.04, -0.03, 0.07]
26	[-0.29, 0.34, -0.58, 0.0, 0.0, 0.0, -1.0]	[0.13, -0.33, 0.93]	[0.11, -0.3, 0.86]	[-0.04, -0.03, 0.07]
27	[-0.29, 0.35, -0.58, 0.0, 0.0, 0.0, -1.0]	[0.13, -0.34, 0.93]	[0.11, -0.3, 0.86]	[-0.04, -0.03, 0.07]
28	[-0.3, 0.36, -0.58, 0.0, 0.0, 0.0, -1.0]	[0.14, -0.34, 0.93]	[0.11, -0.3, 0.86]	[-0.04, -0.03, 0.07]
29	[-0.3, 0.36, -0.58, 0.0, 0.0, 0.0, -1.0]	[0.14, -0.34, 0.93]	[0.11, -0.3, 0.86]	[-0.04, -0.03, 0.07]
30	[-0.3, 0.37, -0.58, 0.0, 0.0, 0.0, -1.0]	[0.14, -0.34, 0.93]	[0.11, -0.3, 0.86]	[-0.04, -0.03, 0.07]
31	[-0.3, 0.37, -0.58, 0.0, 0.0, 0.0, -1.0]	[0.14, -0.34, 0.93]	[0.11, -0.3, 0.86]	[-0.04, -0.04, 0.07]
32	[-0.3, 0.37, -0.58, 0.0, 0.0, 0.0, -1.0]	[0.14, -0.34, 0.93]	[0.11, -0.3, 0.86]	[-0.04, -0.04, 0.07]
33	[-0.31, 0.37, -0.58, 0.0, 0.0, 0.0, -1.0]	[0.14, -0.34, 0.93]	[0.11, -0.3, 0.86]	[-0.04, -0.04, 0.07]
34	[-0.31, 0.37, -0.58, 0.0, 0.0, 0.0, -1.0]	[0.14, -0.34, 0.93]	[0.11, -0.3, 0.86]	[-0.04, -0.04, 0.07]
35	[-0.31, 0.37, -0.58, 0.0, 0.0, 0.0, -1.0]	[0.14, -0.34, 0.93]	[0.11, -0.3, 0.86]	[-0.04, -0.04, 0.07]
36	[-0.31, 0.37, -0.58, 0.0, 0.0, 0.0, -1.0]	[0.14, -0.34, 0.93]	[0.11, -0.3, 0.86]	[-0.04, -0.04, 0.07]
37	[-0.31, 0.37, -0.58, 0.0, 0.0, 0.0, -1.0]	[0.14, -0.34, 0.93]	[0.11, -0.3, 0.86]	[-0.04, -0.04, 0.07]
38	[-0.31, 0.37, -0.58, 0.0, 0.0, 0.0, -1.0]	[0.14, -0.34, 0.93]	[0.11, -0.3, 0.86]	[-0.04, -0.04, 0.07]
39	[-0.31, 0.37, -0.58, 0.0, 0.0, 0.0, -1.0]	[0.14, -0.34, 0.93]	[0.11, -0.3, 0.86]	[-0.04, -0.03, 0.07]
40	[-0.31, 0.37, -0.57, 0.0, 0.0, 0.0, -1.0]	[0.14, -0.34, 0.93]	[0.11, -0.3, 0.86]	[-0.04, -0.03, 0.07]
41	[-0.31, 0.37, -0.57, 0.0, 0.0, 0.0, -1.0]	[0.14, -0.34, 0.93]	[0.11, -0.3, 0.86]	[-0.04, -0.03, 0.07]
42	[-0.31, 0.37, -0.57, 0.0, 0.0, 0.0, -1.0]	[0.14, -0.34, 0.93]	[0.11, -0.3, 0.86]	[-0.04, -0.03, 0.07]
43	[-0.31, 0.37, -0.57, 0.0, 0.0, 0.0, -1.0]	[0.14, -0.34, 0.93]	[0.11, -0.3, 0.86]	[-0.04, -0.03, 0.07]
44	[-0.32, 0.37, -0.57, 0.0, 0.0, 0.0, -1.0]	[0.14, -0.34, 0.93]	[0.11, -0.3, 0.86]	[-0.04, -0.03, 0.07]
45	[-0.32, 0.37, -0.57, 0.0, 0.0, 0.0, -1.0]	[0.14, -0.34, 0.93]	[0.11, -0.3, 0.86]	[-0.04, -0.03, 0.07]
46	[-0.32, 0.36, -0.57, 0.0, 0.0, 0.0, -1.0]	[0.14, -0.34, 0.93]	[0.11, -0.3, 0.86]	[-0.04, -0.03, 0.07]
47	[-0.32, 0.36, -0.57, 0.0, 0.0, 0.0, -1.0]	[0.14, -0.34, 0.93]	[0.11, -0.3, 0.86]	[-0.04, -0.03, 0.07]
48	[-0.32, 0.36, -0.57, 0.0, 0.0, 0.0, -1.0]	[0.14, -0.34, 0.93]	[0.11, -0.3, 0.86]	[-0.04, -0.03, 0.07]
49	[-0.32, 0.36, -0.57, 0.0, 0.0, 0.0, -1.0]	[0.14, -0.34, 0.93]	[0.11, -0.3, 0.86]	[-0.04, -0.03, 0.07]
50	[-0.32, 0.36, -0.57, 0.0, 0.0, 0.0, -1.0]	[0.14, -0.34, 0.93]	[0.11, -0.3, 0.86]	[-0.04, -0.03, 0.07]
51	[-0.32, 0.36, -0.57, 0.0, 0.0, 0.0, -1.0]	[0.14, -0.34, 0.93]	[0.11, -0.3, 0.86]	[-0.04, -0.03, 0.07]
52	[-0.32, 0.36, -0.57, 0.0, 0.0, 0.0, -1.0]	[0.14, -0.34, 0.93]	[0.11, -0.3, 0.86]	[-0.04, -0.03, 0.07]
53	[-0.32, 0.36, -0.57, 0.0, 0.0, 0.0, -1.0]	[0.14, -0.34, 0.93]	[0.11, -0.3, 0.86]	[-0.04, -0.03, 0.07]
54	[-0.32, 0.36, -0.57, 0.0, 0.0, 0.0, -1.0]	[0.14, -0.34, 0.93]	[0.11, -0.3, 0.86]	[-0.04, -0.03, 0.07]
55	[-0.32, 0.36, -0.57, 0.0, 0.0, 0.0, -1.0]	[0.14, -0.34, 0.93]	[0.11, -0.3, 0.86]	[-0.04, -0.03, 0.07]
56	[-0.32, 0.36, -0.57, 0.0, 0.0, 0.0, -1.0]	[0.14, -0.34, 0.93]	[0.11, -0.3, 0.86]	[-0.04, -0.03, 0.07]
57	[-0.32, 0.36, -0.57, 0.0, 0.0, 0.0, -1.0]	[0.14, -0.34, 0.93]	[0.11, -0.3, 0.86]	[-0.04, -0.03, 0.07]
58	[-0.32, 0.35, -0.57, 0.0, 0.0, 0.0, -1.0]	[0.14, -0.33, 0.93]	[0.11, -0.3, 0.86]	[-0.04, -0.03, 0.07]
59	[-0.32, 0.35, -0.57, 0.0, 0.0, 0.0, -1.0]	[0.14, -0.33, 0.93]	[0.11, -0.3, 0.86]	[-0.04, -0.03, 0.07]
60	[-0.32, 0.35, -0.57, 0.0, 0.0, 0.0, -1.0]	[0.14, -0.33, 0.93]	[0.11, -0.3, 0.86]	[-0.04, -0.03, 0.07]
61	[-0.32, 0.35, -0.57, 0.0, 0.0, 0.0, -1.0]	[0.14, -0.33, 0.93]	[0.11, -0.3, 0.86]	[-0.04, -0.03, 0.07]
62	[-0.32, 0.35, -0.57, 0.0, 0.0, 0.0, -1.0]	[0.14, -0.33, 0.93]	[0.11, -0.3, 0.86]	[-0.04, -0.03, 0.07]
63	[-0.32, 0.35, -0.57, 0.0, 0.0, 0.0, -1.0]	[0.14, -0.33, 0.93]	[0.11, -0.3, 0.86]	[-0.04, -0.03, 0.07]
64	[-0.32, 0.35, -0.57, 0.0, 0.0, 0.0, -1.0]	[0.14, -0.33, 0.93]	[0.1, -0.3, 0.86]	[-0.04, -0.03, 0.07]
65	[-0.32, 0.35, -0.57, 0.0, 0.0, 0.0, -1.0]	[0.14, -0.33, 0.93]	[0.11, -0.3, 0.86]	[-0.04, -0.03, 0.07]
66	[-0.32, 0.35, -0.57, 0.0, 0.0, 0.0, -1.0]	[0.14, -0.33, 0.93]	[0.1, -0.3, 0.86]	[-0.04, -0.03, 0.07]
67	[-0.33, 0.35, -0.57, 0.0, 0.0, 0.0, -1.0]	[0.14, -0.33, 0.93]	[0.11, -0.3, 0.86]	[-0.04, -0.03, 0.07]
68	[-0.33, 0.35, -0.57, 0.0, 0.0, 0.0, -1.0]	[0.14, -0.33, 0.93]	[0.1, -0.3, 0.86]	[-0.04, -0.03, 0.07]
69	[-0.33, 0.35, -0.57, 0.0, 0.0, 0.0, -1.0]	[0.14, -0.33, 0.93]	[0.11, -0.3, 0.86]	[-0.04, -0.03, 0.07]
70	[-0.33, 0.35, -0.57, 0.0, 0.0, 0.0, -1.0]	[0.14, -0.33, 0.93]	[0.11, -0.3, 0.86]	[-0.04, -0.03, 0.07]
71	[-0.33, 0.35, -0.57, 0.0, 0.0, 0.0, -1.0]	[0.14, -0.33, 0.93]	[0.11, -0.3, 0.86]	[-0.04, -0.03, 0.07]
72	[-0.33, 0.35, -0.57, 0.0, 0.0, 0.0, -1.0]	[0.14, -0.33, 0.93]	[0.11, -0.3, 0.86]	[-0.04, -0.03, 0.07]
73	[-0.33, 0.35, -0.57, 0.0, 0.0, 0.0, -1.0]	[0.14, -0.33, 0.93]	[0.11, -0.3, 0.86]	[-0.04, -0.03, 0.07]
74	[-0.33, 0.35, -0.57, 0.0, 0.0, 0.0, -1.0]	[0.14, -0.33, 0.93]	[0.1, -0.3, 0.86]	[-0.04, -0.03, 0.07]
75	[-0.33, 0.34, -0.57, 0.0, 0.0, 0.0, -1.0]	[0.14, -0.33, 0.93]	[0.11, -0.3, 0.86]	[-0.04, -0.03, 0.07]
76	[-0.33, 0.34, -0.57, 0.0, 0.0, 0.0, -1.0]	[0.14, -0.33, 0.93]	[0.11, -0.3, 0.86]	[-0.04, -0.03, 0.07]
77	[-0.33, 0.34, -0.57, 0.0, 0.0, 0.0, -1.0]	[0.14, -0.33, 0.93]	[0.11, -0.3, 0.86]	[-0.04, -0.03, 0.07]
78	[-0.33, 0.34, -0.57, 0.0, 0.0, 0.0, -1.0]	[0.14, -0.33, 0.93]	[0.11, -0.3, 0.86]	[-0.04, -0.03, 0.07]
79	[-0.33, 0.34, -0.57, 0.0, 0.0, 0.0, -1.0]	[0.14, -0.33, 0.93]	[0.11, -0.3, 0.86]	[-0.04, -0.03, 0.07]
80	[-0.33, 0.34, -0.57, 0.0, 0.0, 0.0, -1.0]	[0.14, -0.33, 0.93]	[0.11, -0.3, 0.86]	[-0.04, -0.03, 0.07]
81	[-0.33, 0.34, -0.57, 0.0, 0.0, 0.0, -1.0]	[0.14, -0.33, 0.93]	[0.11, -0.3, 0.86]	[-0.04, -0.03, 0.07]
82	[-0.33, 0.34, -0.57, 0.0, 0.0, 0.0, -1.0]	[0.14, -0.33, 0.93]	[0.11, -0.3, 0.86]	[-0.04, -0.03, 0.07]
83	[-0.33, 0.34, -0.56, 0.0, 0.0, 0.0, -1.0]	[0.14, -0.33, 0.93]	[0.11, -0.3, 0.86]	[-0.04, -0.03, 0.07]
84	[-0.33, 0.34, -0.56, 0.0, 0.0, 0.0, -1.0]	[0.14, -0.33, 0.93]	[0.11, -0.3, 0.86]	[-0.04, -0.03, 0.07]
85	[-0.33, 0.34, -0.56, 0.0, 0.0, 0.0, -1.0]	[0.14, -0.33, 0.93]	[0.11, -0.3, 0.86]	[-0.04, -0.03, 0.07]
86	[-0.33, 0.34, -0.56, 0.0, 0.0, 0.0, -1.0]	[0.14, -0.33, 0.93]	[0.11, -0.3, 0.86]	[-0.04, -0.03, 0.07]
87	[-0.33, 0.34, -0.56, 0.0, 0.0, 0.0, -1.0]	[0.14, -0.33, 0.93]	[0.11, -0.3, 0.86]	[-0.04, -0.03, 0.07]
88	[-0.33, 0.34, -0.56, 0.0, 0.0, 0.0, -1.0]	[0.14, -0.33, 0.93]	[0.11, -0.3, 0.86]	[-0.04, -0.03, 0.07]
89	[-0.33, 0.34, -0.56, 0.0, 0.0, 0.0, -1.0]	[0.14, -0.33, 0.93]	[0.11, -0.3, 0.86]	[-0.04, -0.03, 0.07]
90	[-0.33, 0.34, -0.56, 0.0, 0.0, 0.0, -1.0]	[0.14, -0.33, 0.93]	[0.11, -0.3, 0.86]	[-0.04, -0.03, 0.07]
91	[-0.33, 0.34, -0.56, 0.0, 0.0, 0.0, -1.0]	[0.14, -0.33, 0.93]	[0.11, -0.3, 0.86]	[-0.04, -0.03, 0.07]
92	[-0.33, 0.34, -0.56, 0.0, 0.0, 0.0, -1.0]	[0.14, -0.33, 0.93]	[0.11, -0.3, 0.86]	[-0.04, -0.03, 0.07]
93	[-0.33, 0.34, -0.56, 0.0, 0.0, 0.0, -1.0]	[0.14, -0.33, 0.93]	[0.11, -0.3, 0.86]	[-0.04, -0.03, 0.07]
94	[-0.33, 0.34, -0.56, 0.0, 0.0, 0.0, -1.0]	[0.14, -0.33, 0.93]	[0.11, -0.3, 0.86]	[-0.04, -0.03, 0.07]
95	[-0.33, 0.34, -0.56, 0.0, 0.0, 0.0, -1.0]	[0.14, -0.33, 0.93]	[0.11, -0.3, 0.86]	[-0.04, -0.03, 0.07]
96	[-0.33, 0.34, -0.56, 0.0, 0.0, 0.0, -1.0]	[0.14, -0.33, 0.93]	[0.11, -0.3, 0.86]	[-0.04, -0.03, 0.07]
97	[-0.33, 0.34, -0.56, 0.0, 0.0, 0.0, -1.0]	[0.14, -0.33, 0.93]	[0.11, -0.3, 0.86]	[-0.04, -0.03, 0.07]
98	[-0.33, 0.34, -0.56, 0.0, 0.0, 0.0, -1.0]	[0.14, -0.33, 0.93]	[0.11, -0.3, 0.86]	[-0.04, -0.03, 0.07]
99	[-0.33, 0.34, -0.56, 0.0, 0.0, 0.0, -1.0]	[0.14, -0.33, 0.93]	[0.1, -0.3, 0.86]	[-0.04, -0.03, 0.07]
100	[-0.33, 0.34, -0.56, 0.0, 0.0, 0.0, -1.0]	[0.14, -0.33, 0.93]	[0.11, -0.3, 0.86]	[-0.04, -0.03, 0.07]
101	[-0.33, 0.34, -0.56, 0.0, 0.0, 0.0, -1.0]	[0.14, -0.33, 0.93]	[0.11, -0.3, 0.86]	[-0.04, -0.03, 0.07]
102	[-0.33, 0.34, -0.56, 0.0, 0.0, 0.0, -1.0]	[0.14, -0.33, 0.93]	[0.1, -0.3, 0.86]	[-0.04, -0.03, 0.07]
103	[-0.33, 0.34, -0.56, 0.0, 0.0, 0.0, -1.0]	[0.14, -0.33, 0.93]	[0.11, -0.3, 0.86]	[-0.04, -0.03, 0.07]
104	[-0.33, 0.34, -0.56, 0.0, 0.0, 0.0, -1.0]	[0.14, -0.33, 0.93]	[0.11, -0.3, 0.86]	[-0.04, -0.03, 0.07]
105	[-0.33, 0.34, -0.56, 0.0, 0.0, 0.0, -1.0]	[0.14, -0.33, 0.93]	[0.11, -0.3, 0.86]	[-0.04, -0.03, 0.07]
106	[-0.33, 0.34, -0.56, 0.0, 0.0, 0.0, -1.0]	[0.14, -0.33, 0.93]	[0.11, -0.3, 0.86]	[-0.04, -0.03, 0.07]
107	[-0.33, 0.34, -0.56, 0.0, 0.0, 0.0, -1.0]	[0.14, -0.33, 0.93]	[0.11, -0.3, 0.86]	[-0.04, -0.03, 0.07]
108	[-0.33, 0.34, -0.56, 0.0, 0.0, 0.0, -1.0]	[0.14, -0.33, 0.93]	[0.11, -0.3, 0.86]	[-0.04, -0.03, 0.07]
109	[-0.33, 0.34, -0.56, 0.0, 0.0, 0.0, -1.0]	[0.14, -0.33, 0.93]	[0.11, -0.3, 0.86]	[-0.04, -0.03, 0.07]
110	[-0.33, 0.34, -0.56, 0.0, 0.0, 0.0, -1.0]	[0.14, -0.33, 0.93]	[0.11, -0.3, 0.86]	[-0.04, -0.03, 0.07]
111	[-0.33, 0.34, -0.56, 0.0, 0.0, 0.0, -1.0]	[0.14, -0.33, 0.93]	[0.11, -0.3, 0.86]	[-0.04, -0.03, 0.07]
112	[-0.33, 0.34, -0.56, 0.0, 0.0, 0.0, -1.0]	[0.14, -0.33, 0.93]	[0.11, -0.3, 0.86]	[-0.04, -0.03, 0.07]
113	[-0.33, 0.34, -0.56, 0.0, 0.0, 0.0, -1.0]	[0.14, -0.33, 0.93]	[0.11, -0.3, 0.86]	[-0.04, -0.03, 0.07]
114	[-0.33, 0.34, -0.55, 0.0, 0.0, 0.0, -1.0]	[0.14, -0.33, 0.93]	[0.11, -0.3, 0.86]	[-0.04, -0.03, 0.07]
115	[-0.33, 0.34, -0.55, 0.0, 0.0, 0.0, -1.0]	[0.14, -0.33, 0.93]	[0.1, -0.3, 0.86]	[-0.04, -0.03, 0.07]
116	[-0.33, 0.34, -0.55, 0.0, 0.0, 0.0, -1.0]	[0.14, -0.33, 0.93]	[0.11, -0.3, 0.86]	[-0.04, -0.03, 0.07]
117	[-0.33, 0.34, -0.55, 0.0, 0.0, 0.0, -1.0]	[0.14, -0.33, 0.93]	[0.11, -0.3, 0.86]	[-0.04, -0.03, 0.07]
118	[-0.33, 0.34, -0.55, 0.0, 0.0, 0.0, -1.0]	[0.14, -0.33, 0.93]	[0.11, -0.3, 0.86]	[-0.04, -0.03, 0.07]
119	[-0.33, 0.34, -0.55, 0.0, 0.0, 0.0, -1.0]	[0.14, -0.33, 0.93]	[0.11, -0.3, 0.86]	[-0.04, -0.03, 0.07]
