step	action	robot0_eef_pos	Can_pos	Can_to_robot0_eef_pos
0	[0.92, -0.27, 0.0, 0.0, 0.0, 0.0, -1.0]	[-0.02, -0.09, 1.02]	[0.05, -0.12, 0.86]	[0.05, 0.02, 0.17]
1	[0.79, -0.23, 0.0, 0.0, 0.0, 0.0, -1.0]	[-0.01, -0.1, 1.02]	[0.05, -0.12, 0.86]	[0.04, 0.02, 0.17]
2	[0.62, -0.19, 0.0, 0.0, 0.0, 0.0, -1.0]	[0.01, -0.1, 1.02]	[0.05, -0.12, 0.86]	[0.02, 0.01, 0.16]
3	[0.48, -0.15, 0.0, 0.0, 0.0, 0.0, -1.0]	[0.02, -0.1, 1.02]	[0.05, -0.12, 0.86]	[0.01, 0.01, 0.16]
4	[0.36, -0.11, 0.0, 0.0, 0.0, 0.0, -1.0]	[0.03, -0.11, 1.02]	[0.05, -0.12, 0.86]	[0.0, 0.01, 0.16]
5	[0.26, -0.08, 0.0, 0.0, 0.0, 0.0, -1.0]	[0.04, -0.11, 1.02]	[0.05, -0.12, 0.86]	[-0.0, 0.01, 0.16]
6	[0.19, -0.05, 0.0, 0.0, 0.0, 0.0, -1.0]	[0.04, -0.11, 1.02]	[0.05, -0.12, 0.86]	[-0.01, 0.0, 0.16]
7	[0.13, -0.03, 0.0, 0.0, 0.0, 0.0, -1.0]	[0.05, -0.11, 1.02]	[0.05, -0.12, 0.86]	[-0.01, 0.0, 0.16]
8	[0.09, -0.02, -1.45, 0.0, 0.0, 0.0, -1.0]	[0.05, -0.11, 1.0]	[0.05, -0.12, 0.86]	[-0.01, 0.0, 0.14]
9	[0.04, -0.02, -1.29, 0.0, 0.0, 0.0, -1.0]	[0.05, -0.11, 0.98]	[0.05, -0.12, 0.86]	[-0.01, 0.0, 0.12]
10	[0.01, -0.02, -1.06, 0.0, 0.0, 0.0, -1.0]	[0.05, -0.11, 0.96]	[0.05, -0.12, 0.86]	[-0.01, 0.0, 0.1]
11	[0.0, -0.02, -0.84, 0.0, 0.0, 0.0, -1.0]	[0.05, -0.11, 0.94]	[0.05, -0.12, 0.86]	[-0.01, 0.0, 0.08]
12	[0.0, -0.02, -0.63, 0.0, 0.0, 0.0, -1.0]	[0.05, -0.11, 0.92]	[0.05, -0.12, 0.86]	[-0.01, 0.0, 0.06]
13	[0.01, -0.02, -0.47, 0.0, 0.0, 0.0, -1.0]	[0.05, -0.11, 0.91]	[0.05, -0.12, 0.86]	[-0.0, 0.0, 0.05]
14	[0.03, -0.01, -0.34, 0.0, 0.0, 0.0, -1.0]	[0.05, -0.11, 0.9]	[0.05, -0.12, 0.86]	[-0.0, 0.0, 0.04]
15	[0.03, -0.01, -0.24, 0.0, 0.0, 0.0, -1.0]	[0.05, -0.12, 0.89]	[0.05, -0.12, 0.86]	[-0.0, 0.0, 0.03]
16	[0.04, -0.01, -0.17, 0.0, 0.0, 0.0, -1.0]	[0.05, -0.12, 0.89]	[0.05, -0.12, 0.86]	[-0.0, 0.0, 0.03]
17	[0.04, -0.0, -0.12, 0.0, 0.0, 0.0, -1.0]	[0.05, -0.12, 0.88]	[0.05, -0.12, 0.86]	[0.0, 0.0, 0.02]
18	[0.0, 0.0, 0.0, 0.0, 0.0, 0.0, 1.0]	[0.05, -0.12, 0.88]	[0.05, -0.12, 0.86]	[0.0, -0.0, 0.02]
19	[0.0, 0.0, 0.0, 0.0, 0.0, 0.0, 1.0]	[0.05, -0.12, 0.88]	[0.05, -0.12, 0.86]	[0.0, -0.0, 0.02]
20	[0.0, 0.0, 1.0, 0.0, 0.0, 0.0, 1.0]	[0.05, -0.12, 0.9]	[0.05, -0.12, 0.87]	[0.0, -0.0, 0.03]
21	[0.0, 0.0, 1.0, 0.0, 0.0, 0.0, 1.0]	[0.04, -0.12, 0.92]	[0.05, -0.12, 0.89]	[0.0, 0.0, 0.03]
22	[0.0, 0.0, 1.0, 0.0, 0.0, 0.0, 1.0]	[0.04, -0.12, 0.94]	[0.05, -0.12, 0.91]	[0.0, 0.0, 0.03]
23	[0.0, 0.0, 1.0, 0.0, 0.0, 0.0, 1.0]	[0.04, -0.12, 0.96]	[0.05, -0.12, 0.94]	[0.0, 0.0, 0.03]
24	[0.0, 0.0, 1.0, 0.0, 0.0, 0.0, 1.0]	[0.04, -0.12, 0.99]	[0.04, -0.12, 0.96]	[0.0, 0.0, 0.03]
25	[0.0, 0.0, 1.0, 0.0, 0.0, 0.0, 1.0]	[0.04, -0.12, 1.01]	[0.04, -0.12, 0.98]	[0.0, 0.0, 0.03]
26	[0.0, 0.0, 1.0, 0.0, 0.0, 0.0, 1.0]	[0.04, -0.12, 1.03]	[0.04, -0.12, 1.0]	[0.0, 0.0, 0.03]
27	[1.56, 5.11, 10.0, 0.0, 0.0, 0.0, 1.0]	[0.05, -0.1, 1.05]	[0.06, -0.1, 1.02]	[0.0, 0.0, 0.03]
28	[1.42, 4.97, 0.0, 0.0, 0.0, 0.0, 1.0]	[0.07, -0.09, 1.05]	[0.08, -0.08, 1.03]	[0.0, 0.0, 0.03]
29	[1.22, 4.77, 0.0, 0.0, 0.0, 0.0, 1.0]	[0.09, -0.06, 1.05]	[0.1, -0.06, 1.03]	[0.0, 0.0, 0.03]
30	[1.01, 4.55, 0.0, 0.0, 0.0, 0.0, 1.0]	[0.11, -0.04, 1.05]	[0.12, -0.04, 1.02]	[0.0, 0.0, 0.03]
31	[0.8, 4.32, 0.0, 0.0, 0.0, 0.0, 1.0]	[0.13, -0.02, 1.05]	[0.14, -0.02, 1.02]	[0.0, 0.0, 0.03]
32	[0.61, 4.08, 0.0, 0.0, 0.0, 0.0, 1.0]	[0.15, 0.01, 1.05]	[0.15, 0.01, 1.02]	[0.0, 0.0, 0.03]
33	[0.46, 3.84, 0.0, 0.0, 0.0, 0.0, 1.0]	[0.16, 0.03, 1.05]	[0.16, 0.03, 1.03]	[0.0, 0.0, 0.03]
34	[0.34, 3.6, 0.0, 0.0, 0.0, 0.0, 1.0]	[0.17, 0.06, 1.05]	[0.17, 0.06, 1.03]	[0.0, 0.0, 0.03]
35	[0.25, 3.36, 0.0, 0.0, 0.0, 0.0, 1.0]	[0.18, 0.08, 1.05]	[0.18, 0.08, 1.03]	[0.0, 0.0, 0.03]
36	[0.18, 3.13, 0.0, 0.0, 0.0, 0.0, 1.0]	[0.18, 0.1, 1.05]	[0.18, 0.1, 1.03]	[0.0, 0.0, 0.03]
37	[0.13, 2.9, 0.0, 0.0, 0.0, 0.0, 1.0]	[0.18, 0.13, 1.05]	[0.19, 0.13, 1.03]	[0.0, 0.0, 0.03]
38	[0.09, 2.67, 0.0, 0.0, 0.0, 0.0, 1.0]	[0.19, 0.15, 1.05]	[0.19, 0.15, 1.03]	[0.0, 0.0, 0.03]
39	[0.07, 2.44, 0.0, 0.0, 0.0, 0.0, 1.0]	[0.19, 0.17, 1.05]	[0.19, 0.17, 1.03]	[0.0, 0.0, 0.03]
40	[0.05, 2.21, 0.0, 0.0, 0.0, 0.0, 1.0]	[0.19, 0.19, 1.05]	[0.19, 0.19, 1.03]	[0.0, 0.0, 0.03]
41	[0.05, 1.98, 0.0, 0.0, 0.0, 0.0, 1.0]	[0.19, 0.22, 1.05]	[0.19, 0.22, 1.03]	[0.0, 0.0, 0.03]
42	[0.05, 1.76, 0.0, 0.0, 0.0, 0.0, 1.0]	[0.19, 0.24, 1.05]	[0.19, 0.24, 1.02]	[0.0, 0.0, 0.03]
43	[0.05, 1.53, 0.0, 0.0, 0.0, 0.0, 1.0]	[0.19, 0.26, 1.05]	[0.19, 0.26, 1.02]	[0.0, 0.0, 0.03]
44	[0.05, 1.31, 0.0, 0.0, 0.0, 0.0, 1.0]	[0.19, 0.28, 1.05]	[0.19, 0.28, 1.02]	[0.0, 0.0, 0.03]
45	[0.06, 1.09, 0.0, 0.0, 0.0, 0.0, 1.0]	[0.19, 0.3, 1.04]	[0.19, 0.3, 1.02]	[0.0, 0.0, 0.03]
46	[0.07, 0.88, 0.0, 0.0, 0.0, 0.0, 1.0]	[0.18, 0.32, 1.04]	[0.19, 0.32, 1.02]	[0.0, 0.0, 0.03]
47	[0.07, 0.68, 0.0, 0.0, 0.0, 0.0, 1.0]	[0.18, 0.34, 1.04]	[0.19, 0.34, 1.01]	[0.0, 0.0, 0.03]
48	[0.08, 0.52, 0.0, 0.0, 0.0, 0.0, 1.0]	[0.18, 0.35, 1.04]	[0.19, 0.35, 1.01]	[0.0, 0.0, 0.03]
49	[0.08, 0.4, 0.0, 0.0, 0.0, 0.0, 1.0]	[0.18, 0.36, 1.04]	[0.19, 0.36, 1.01]	[0.0, 0.0, 0.03]
50	[0.08, 0.3, 0.0, 0.0, 0.0, 0.0, 1.0]	[0.18, 0.37, 1.04]	[0.19, 0.37, 1.01]	[0.0, 0.0, 0.03]
51	[0.08, 0.23, 0.0, 0.0, 0.0, 0.0, 1.0]	[0.18, 0.38, 1.03]	[0.19, 0.38, 1.01]	[0.0, 0.0, 0.03]
52	[0.08, 0.17, 0.0, 0.0, 0.0, 0.0, 1.0]	[0.18, 0.38, 1.03]	[0.19, 0.38, 1.01]	[0.0, 0.0, 0.03]
53	[0.09, 0.14, 0.0, 0.0, 0.0, 0.0, 1.0]	[0.18, 0.38, 1.03]	[0.19, 0.38, 1.0]	[0.0, 0.0, 0.03]
54	[0.09, 0.11, 0.0, 0.0, 0.0, 0.0, 1.0]	[0.18, 0.38, 1.03]	[0.19, 0.38, 1.0]	[0.0, 0.0, 0.03]
55	[0.1, 0.1, 0.0, 0.0, 0.0, 0.0, 1.0]	[0.18, 0.38, 1.02]	[0.19, 0.38, 0.99]	[0.0, 0.0, 0.03]
56	[0.1, 0.1, 0.0, 0.0, 0.0, 0.0, 1.0]	[0.18, 0.38, 1.02]	[0.19, 0.38, 0.99]	[0.0, 0.0, 0.03]
57	[0.11, 0.1, 0.0, 0.0, 0.0, 0.0, 1.0]	[0.18, 0.38, 1.01]	[0.19, 0.38, 0.99]	[0.0, 0.0, 0.03]
58	[0.12, 0.1, 0.0, 0.0, 0.0, 0.0, 1.0]	[0.18, 0.38, 1.01]	[0.19, 0.38, 0.98]	[0.0, 0.0, 0.03]
59	[0.12, 0.1, 0.0, 0.0, 0.0, 0.0, 1.0]	[0.18, 0.38, 1.0]	[0.18, 0.38, 0.98]	[0.0, 0.0, 0.03]
60	[0.13, 0.1, 0.0, 0.0, 0.0, 0.0, 1.0]	[0.18, 0.38, 1.0]	[0.18, 0.38, 0.97]	[0.0, 0.0, 0.03]
61	[0.13, 0.11, 0.0, 0.0, 0.0, 0.0, 1.0]	[0.18, 0.38, 0.99]	[0.18, 0.38, 0.97]	[0.0, 0.0, 0.03]
62	[0.14, 0.11, 0.0, 0.0, 0.0, 0.0, 1.0]	[0.18, 0.38, 0.99]	[0.18, 0.38, 0.96]	[0.0, 0.0, 0.03]
63	[0.14, 0.11, 0.0, 0.0, 0.0, 0.0, 1.0]	[0.18, 0.38, 0.98]	[0.18, 0.38, 0.96]	[0.0, 0.0, 0.03]
64	[0.14, 0.11, 0.0, 0.0, 0.0, 0.0, 1.0]	[0.18, 0.38, 0.98]	[0.18, 0.38, 0.95]	[0.0, 0.0, 0.03]
65	[0.14, 0.11, 0.0, 0.0, 0.0, 0.0, 1.0]	[0.18, 0.38, 0.97]	[0.18, 0.38, 0.95]	[0.0, 0.0, 0.03]
66	[0.14, 0.11, 0.0, 0.0, 0.0, 0.0, 1.0]	[0.18, 0.38, 0.97]	[0.18, 0.38, 0.94]	[0.0, 0.0, 0.03]
67	[0.13, 0.11, 0.0, 0.0, 0.0, 0.0, 1.0]	[0.18, 0.38, 0.96]	[0.18, 0.38, 0.94]	[0.0, 0.0, 0.03]
68	[0.13, 0.11, 0.0, 0.0, 0.0, 0.0, 1.0]	[0.18, 0.38, 0.96]	[0.18, 0.38, 0.93]	[0.0, 0.0, 0.03]
69	[0.13, 0.11, 0.0, 0.0, 0.0, 0.0, 1.0]	[0.18, 0.38, 0.96]	[0.18, 0.38, 0.93]	[0.0, 0.0, 0.03]
70	[0.13, 0.11, 0.0, 0.0, 0.0, 0.0, 1.0]	[0.18, 0.38, 0.95]	[0.18, 0.38, 0.92]	[0.0, 0.0, 0.03]
71	[0.14, 0.11, 0.0, 0.0, 0.0, 0.0, 1.0]	[0.18, 0.38, 0.95]	[0.18, 0.38, 0.92]	[0.0, 0.0, 0.03]
72	[0.14, 0.11, 0.0, 0.0, 0.0, 0.0, 1.0]	[0.18, 0.38, 0.94]	[0.18, 0.38, 0.91]	[0.0, 0.0, 0.03]
73	[0.15, 0.12, 0.0, 0.0, 0.0, 0.0, 1.0]	[0.17, 0.38, 0.93]	[0.18, 0.38, 0.91]	[0.0, 0.0, 0.03]
74	[0.16, 0.14, 0.0, 0.0, 0.0, 0.0, 1.0]	[0.17, 0.38, 0.93]	[0.18, 0.38, 0.9]	[0.0, 0.0, 0.03]
75	[0.18, 0.15, 0.0, 0.0, 0.0, 0.0, 1.0]	[0.17, 0.37, 0.92]	[0.18, 0.38, 0.89]	[0.0, 0.0, 0.03]
76	[0.2, 0.17, 0.0, 0.0, 0.0, 0.0, 1.0]	[0.17, 0.37, 0.91]	[0.18, 0.37, 0.88]	[0.0, 0.0, 0.03]
77	[0.22, 0.19, 0.0, 0.0, 0.0, 0.0, 1.0]	[0.17, 0.37, 0.9]	[0.17, 0.37, 0.88]	[0.0, 0.0, 0.03]
78	[0.23, 0.21, 0.0, 0.0, 0.0, 0.0, 1.0]	[0.17, 0.37, 0.89]	[0.17, 0.37, 0.87]	[0.0, 0.0, 0.03]
79	[0.24, 0.22, 0.0, 0.0, 0.0, 0.0, 1.0]	[0.17, 0.37, 0.89]	[0.17, 0.37, 0.86]	[0.0, 0.0, 0.03]
80	[0.24, 0.22, 0.0, 0.0, 0.0, 0.0, 1.0]	[0.17, 0.37, 0.88]	[0.17, 0.37, 0.86]	[0.0, 0.0, 0.03]
81	[0.24, 0.21, 0.0, 0.0, 0.0, 0.0, 1.0]	[0.17, 0.37, 0.88]	[0.17, 0.37, 0.86]	[0.0, 0.0, 0.03]
82	[0.23, 0.21, 0.0, 0.0, 0.0, 0.0, 1.0]	[0.17, 0.38, 0.88]	[0.18, 0.37, 0.86]	[0.0, 0.0, 0.03]
83	[0.22, 0.2, 0.0, 0.0, 0.0, 0.0, 1.0]	[0.17, 0.38, 0.88]	[0.18, 0.37, 0.86]	[0.0, 0.01, 0.03]
84	[0.22, 0.2, 0.0, 0.0, 0.0, 0.0, 1.0]	[0.17, 0.38, 0.88]	[0.18, 0.37, 0.85]	[0.0, 0.01, 0.02]
85	[0.21, 0.19, 0.0, 0.0, 0.0, 0.0, 1.0]	[0.17, 0.38, 0.88]	[0.18, 0.37, 0.86]	[0.0, 0.01, 0.02]
86	[0.2, 0.19, 0.0, 0.0, 0.0, 0.0, 1.0]	[0.17, 0.38, 0.88]	[0.18, 0.37, 0.86]	[0.0, 0.01, 0.02]
87	[0.2, 0.18, 0.0, 0.0, 0.0, 0.0, 1.0]	[0.17, 0.38, 0.88]	[0.18, 0.37, 0.85]	[0.0, 0.01, 0.02]
88	[0.2, 0.18, 0.0, 0.0, 0.0, 0.0, 1.0]	[0.17, 0.38, 0.88]	[0.18, 0.37, 0.85]	[0.0, 0.01, 0.02]
89	[0.2, 0.19, 0.0, 0.0, 0.0, 0.0, 1.0]	[0.17, 0.38, 0.88]	[0.18, 0.37, 0.86]	[0.0, 0.01, 0.02]
90	[0.2, 0.18, 0.0, 0.0, 0.0, 0.0, 1.0]	[0.17, 0.38, 0.88]	[0.18, 0.37, 0.86]	[0.0, 0.01, 0.02]
91	[0.2, 0.18, 0.0, 0.0, 0.0, 0.0, 1.0]	[0.17, 0.38, 0.88]	[0.18, 0.37, 0.86]	[0.0, 0.01, 0.02]
92	[0.19, 0.18, 0.0, 0.0, 0.0, 0.0, 1.0]	[0.17, 0.38, 0.88]	[0.18, 0.37, 0.86]	[0.0, 0.01, 0.02]
93	[0.19, 0.18, 0.0, 0.0, 0.0, 0.0, 1.0]	[0.17, 0.38, 0.88]	[0.18, 0.37, 0.86]	[0.0, 0.01, 0.02]
94	[0.19, 0.18, 0.0, 0.0, 0.0, 0.0, 1.0]	[0.17, 0.38, 0.88]	[0.18, 0.37, 0.86]	[0.0, 0.01, 0.02]
95	[0.18, 0.18, 0.0, 0.0, 0.0, 0.0, 1.0]	[0.17, 0.38, 0.88]	[0.18, 0.37, 0.86]	[0.0, 0.01, 0.02]
96	[0.18, 0.18, 0.0, 0.0, 0.0, 0.0, 1.0]	[0.17, 0.38, 0.88]	[0.18, 0.38, 0.86]	[0.0, 0.01, 0.02]
97	[0.18, 0.17, 0.0, 0.0, 0.0, 0.0, 1.0]	[0.17, 0.38, 0.88]	[0.18, 0.38, 0.86]	[0.0, 0.01, 0.02]
98	[0.18, 0.17, 0.0, 0.0, 0.0, 0.0, 1.0]	[0.17, 0.38, 0.88]	[0.18, 0.38, 0.86]	[0.0, 0.01, 0.02]
99	[0.18, 0.17, 0.0, 0.0, 0.0, 0.0, 1.0]	[0.17, 0.38, 0.88]	[0.18, 0.38, 0.86]	[0.0, 0.01, 0.02]
100	[0.18, 0.17, 0.0, 0.0, 0.0, 0.0, 1.0]	[0.17, 0.38, 0.88]	[0.18, 0.38, 0.86]	[0.0, 0.01, 0.02]
101	[0.18, 0.17, 0.0, 0.0, 0.0, 0.0, 1.0]	[0.17, 0.38, 0.88]	[0.18, 0.38, 0.86]	[0.0, 0.01, 0.02]
102	[0.18, 0.17, 0.0, 0.0, 0.0, 0.0, 1.0]	[0.17, 0.38, 0.88]	[0.18, 0.38, 0.86]	[0.0, 0.01, 0.02]
103	[0.18, 0.17, 0.0, 0.0, 0.0, 0.0, 1.0]	[0.17, 0.38, 0.87]	[0.18, 0.38, 0.86]	[0.0, 0.01, 0.02]
104	[0.18, 0.17, 0.0, 0.0, 0.0, 0.0, 1.0]	[0.17, 0.38, 0.87]	[0.18, 0.38, 0.86]	[0.0, 0.01, 0.02]
105	[0.18, 0.17, 0.0, 0.0, 0.0, 0.0, 1.0]	[0.17, 0.38, 0.87]	[0.18, 0.38, 0.86]	[0.0, 0.01, 0.02]
106	[0.18, 0.17, 0.0, 0.0, 0.0, 0.0, 1.0]	[0.17, 0.38, 0.87]	[0.18, 0.38, 0.86]	[0.0, 0.01, 0.02]
107	[0.18, 0.17, 0.0, 0.0, 0.0, 0.0, 1.0]	[0.17, 0.38, 0.87]	[0.18, 0.38, 0.86]	[0.0, 0.01, 0.02]
108	[0.18, 0.17, 0.0, 0.0, 0.0, 0.0, 1.0]	[0.17, 0.38, 0.87]	[0.18, 0.38, 0.86]	[0.0, 0.01, 0.02]
109	[0.18, 0.17, 0.0, 0.0, 0.0, 0.0, 1.0]	[0.17, 0.38, 0.87]	[0.18, 0.38, 0.86]	[0.0, 0.01, 0.02]
110	[0.18, 0.17, 0.0, 0.0, 0.0, 0.0, 1.0]	[0.17, 0.38, 0.87]	[0.18, 0.38, 0.86]	[0.0, 0.01, 0.02]
111	[0.18, 0.17, 0.0, 0.0, 0.0, 0.0, 1.0]	[0.17, 0.38, 0.87]	[0.18, 0.38, 0.86]	[0.0, 0.01, 0.02]
112	[0.18, 0.17, 0.0, 0.0, 0.0, 0.0, 1.0]	[0.17, 0.38, 0.87]	[0.18, 0.38, 0.86]	[0.0, 0.01, 0.02]
113	[0.18, 0.17, 0.0, 0.0, 0.0, 0.0, 1.0]	[0.17, 0.38, 0.87]	[0.18, 0.38, 0.86]	[0.0, 0.01, 0.02]
114	[0.18, 0.17, 0.0, 0.0, 0.0, 0.0, 1.0]	[0.17, 0.38, 0.87]	[0.18, 0.38, 0.86]	[0.0, 0.01, 0.02]
115	[0.18, 0.17, 0.0, 0.0, 0.0, 0.0, 1.0]	[0.17, 0.38, 0.87]	[0.18, 0.38, 0.86]	[0.0, 0.01, 0.02]
116	[0.18, 0.17, 0.0, 0.0, 0.0, 0.0, 1.0]	[0.17, 0.38, 0.87]	[0.18, 0.38, 0.86]	[0.0, 0.01, 0.01]
117	[0.18, 0.17, 0.0, 0.0, 0.0, 0.0, 1.0]	[0.17, 0.38, 0.87]	[0.18, 0.38, 0.86]	[0.0, 0.01, 0.01]
118	[0.18, 0.17, 0.0, 0.0, 0.0, 0.0, 1.0]	[0.17, 0.38, 0.87]	[0.18, 0.38, 0.86]	[0.0, 0.01, 0.01]
119	[0.18, 0.17, 0.0, 0.0, 0.0, 0.0, 1.0]	[0.17, 0.38, 0.87]	[0.18, 0.38, 0.86]	[0.0, 0.01, 0.01]
