step	action	robot0_eef_pos	Can_pos	Can_to_robot0_eef_pos
0	[2.3, -0.83, 0.0, 0.0, 0.0, 0.0, -1.0]	[-0.03, -0.1, 1.01]	[0.19, -0.17, 0.86]	[0.19, 0.07, 0.18]
1	[2.15, -0.72, 0.0, 0.0, 0.0, 0.0, -1.0]	[-0.01, -0.11, 1.01]	[0.19, -0.17, 0.86]	[0.17, 0.05, 0.18]
2	[1.96, -0.59, 0.0, 0.0, 0.0, 0.0, -1.0]	[0.01, -0.12, 1.0]	[0.19, -0.17, 0.86]	[0.15, 0.04, 0.17]
3	[1.75, -0.47, 0.0, 0.0, 0.0, 0.0, -1.0]	[0.03, -0.14, 1.0]	[0.19, -0.17, 0.86]	[0.13, 0.03, 0.17]
4	[1.54, -0.34, 0.0, 0.0, 0.0, 0.0, -1.0]	[0.05, -0.15, 1.0]	[0.19, -0.17, 0.86]	[0.11, 0.02, 0.16]
5	[1.32, -0.23, 0.0, 0.0, 0.0, 0.0, -1.0]	[0.08, -0.16, 1.0]	[0.19, -0.17, 0.86]	[0.09, 0.01, 0.16]
6	[1.1, -0.14, 0.0, 0.0, 0.0, 0.0, -1.0]	[0.1, -0.16, 1.0]	[0.19, -0.17, 0.86]	[0.06, 0.01, 0.15]
7	[0.88, -0.08, 0.0, 0.0, 0.0, 0.0, -1.0]	[0.12, -0.17, 1.0]	[0.19, -0.17, 0.86]	[0.05, 0.0, 0.15]
8	[0.68, -0.04, 0.0, 0.0, 0.0, 0.0, -1.0]	[0.14, -0.17, 1.0]	[0.19, -0.17, 0.86]	[0.03, 0.0, 0.15]
9	[0.5, -0.02, 0.0, 0.0, 0.0, 0.0, -1.0]	[0.15, -0.17, 1.0]	[0.19, -0.17, 0.86]	[0.02, 0.0, 0.15]
10	[0.36, -0.01, 0.0, 0.0, 0.0, 0.0, -1.0]	[0.16, -0.17, 1.0]	[0.19, -0.17, 0.86]	[0.0, 0.0, 0.15]
11	[0.25, -0.01, 0.0, 0.0, 0.0, 0.0, -1.0]	[0.17, -0.17, 1.0]	[0.19, -0.17, 0.86]	[-0.0, 0.0, 0.15]
12	[0.17, -0.0, 0.0, 0.0, 0.0, 0.0, -1.0]	[0.18, -0.17, 1.01]	[0.19, -0.17, 0.86]	[-0.01, 0.0, 0.15]
13	[0.11, -0.0, 0.0, 0.0, 0.0, 0.0, -1.0]	[0.18, -0.17, 1.01]	[0.19, -0.17, 0.86]	[-0.01, 0.0, 0.15]
14	[0.06, 0.0, -1.32, 0.0, 0.0, 0.0, -1.0]	[0.18, -0.17, 0.99]	[0.19, -0.17, 0.86]	[-0.01, 0.0, 0.13]
15	[0.04, 0.0, -1.16, 0.0, 0.0, 0.0, -1.0]	[0.18, -0.17, 0.97]	[0.19, -0.17, 0.86]	[-0.01, 0.0, 0.11]
16	[0.02, -0.0, -0.93, 0.0, 0.0, 0.0, -1.0]	[0.19, -0.17, 0.95]	[0.19, -0.17, 0.86]	[-0.01, 0.0, 0.09]
17	[0.01, -0.01, -0.71, 0.0, 0.0, 0.0, -1.0]	[0.19, -0.17, 0.93]	[0.19, -0.17, 0.86]	[-0.01, 0.0, 0.07]
18	[0.01, -0.01, -0.53, 0.0, 0.0, 0.0, -1.0]	[0.18, -0.17, 0.91]	[0.19, -0.17, 0.86]	[-0.01, 0.0, 0.05]
19	[0.02, -0.01, -0.39, 0.0, 0.0, 0.0, -1.0]	[0.19, -0.17, 0.91]	[0.19, -0.17, 0.86]	[-0.01, 0.0, 0.04]
20	[0.01, -0.01, -0.3, 0.0, 0.0, 0.0, -1.0]	[0.19, -0.17, 0.9]	[0.19, -0.17, 0.86]	[-0.0, 0.0, 0.04]
21	[0.01, -0.0, -0.22, 0.0, 0.0, 0.0, -1.0]	[0.19, -0.17, 0.89]	[0.19, -0.17, 0.86]	[-0.0, 0.0, 0.03]
22	[0.01, -0.0, -0.17, 0.0, 0.0, 0.0, -1.0]	[0.19, -0.17, 0.89]	[0.19, -0.17, 0.86]	[-0.0, 0.0, 0.03]
23	[0.01, -0.0, -0.13, 0.0, 0.0, 0.0, -1.0]	[0.19, -0.17, 0.88]	[0.19, -0.17, 0.86]	[-0.0, 0.0, 0.02]
24	[0.0, 0.0, 0.0, 0.0, 0.0, 0.0, 1.0]	[0.19, -0.17, 0.88]	[0.19, -0.17, 0.86]	[-0.0, -0.0, 0.02]
25	[0.0, 0.0, 0.0, 0.0, 0.0, 0.0, 1.0]	[0.19, -0.17, 0.88]	[0.19, -0.17, 0.86]	[-0.0, -0.0, 0.02]
26	[0.0, 0.0, 1.0, 0.0, 0.0, 0.0, 1.0]	[0.19, -0.17, 0.9]	[0.19, -0.17, 0.87]	[-0.0, -0.0, 0.03]
27	[0.0, 0.0, 1.0, 0.0, 0.0, 0.0, 1.0]	[0.19, -0.17, 0.92]	[0.19, -0.17, 0.89]	[-0.0, -0.0, 0.03]
28	[0.0, 0.0, 1.0, 0.0, 0.0, 0.0, 1.0]	[0.19, -0.17, 0.95]	[0.19, -0.17, 0.92]	[-0.0, -0.0, 0.03]
29	[0.0, 0.0, 1.0, 0.0, 0.0, 0.0, 1.0]	[0.19, -0.17, 0.97]	[0.19, -0.17, 0.94]	[-0.0, 0.0, 0.03]
30	[0.0, 0.0, 1.0, 0.0, 0.0, 0.0, 1.0]	[0.19, -0.17, 0.99]	[0.19, -0.17, 0.96]	[-0.0, 0.0, 0.03]
31	[0.0, 0.0, 1.0, 0.0, 0.0, 0.0, 1.0]	[0.18, -0.17, 1.01]	[0.18, -0.17, 0.99]	[-0.0, 0.0, 0.03]
32	[0.0, 0.0, 1.0, 0.0, 0.0, 0.0, 1.0]	[0.18, -0.17, 1.04]	[0.18, -0.17, 1.01]	[-0.0, 0.0, 0.03]
33	[0.14, 5.76, 10.0, 0.0, 0.0, 0.0, 1.0]	[0.18, -0.16, 1.06]	[0.18, -0.16, 1.03]	[-0.0, 0.0, 0.03]
34	[0.13, 5.61, 0.0, 0.0, 0.0, 0.0, 1.0]	[0.19, -0.14, 1.06]	[0.19, -0.14, 1.04]	[-0.0, 0.0, 0.03]
35	[0.11, 5.41, 0.0, 0.0, 0.0, 0.0, 1.0]	[0.19, -0.12, 1.06]	[0.19, -0.12, 1.04]	[-0.0, 0.0, 0.03]
36	[0.09, 5.2, 0.0, 0.0, 0.0, 0.0, 1.0]	[0.19, -0.09, 1.06]	[0.19, -0.09, 1.04]	[-0.0, 0.0, 0.03]
37	[0.07, 4.97, 0.0, 0.0, 0.0, 0.0, 1.0]	[0.19, -0.07, 1.06]	[0.19, -0.07, 1.03]	[-0.0, 0.0, 0.03]
38	[0.06, 4.74, 0.0, 0.0, 0.0, 0.0, 1.0]	[0.19, -0.05, 1.06]	[0.19, -0.05, 1.03]	[-0.0, 0.0, 0.03]
39	[0.05, 4.5, 0.0, 0.0, 0.0, 0.0, 1.0]	[0.19, -0.02, 1.06]	[0.19, -0.02, 1.03]	[-0.0, 0.0, 0.03]
40	[0.05, 4.27, 0.0, 0.0, 0.0, 0.0, 1.0]	[0.19, -0.0, 1.06]	[0.19, -0.0, 1.03]	[-0.0, 0.0, 0.03]
41	[0.05, 4.04, 0.0, 0.0, 0.0, 0.0, 1.0]	[0.19, 0.02, 1.06]	[0.19, 0.02, 1.03]	[-0.0, 0.0, 0.03]
42	[0.05, 3.81, 0.0, 0.0, 0.0, 0.0, 1.0]	[0.19, 0.04, 1.06]	[0.19, 0.04, 1.03]	[-0.0, 0.0, 0.03]
43	[0.05, 3.58, 0.0, 0.0, 0.0, 0.0, 1.0]	[0.19, 0.07, 1.06]	[0.19, 0.07, 1.03]	[-0.0, 0.0, 0.03]
44	[0.05, 3.36, 0.0, 0.0, 0.0, 0.0, 1.0]	[0.19, 0.09, 1.06]	[0.19, 0.09, 1.03]	[-0.0, 0.0, 0.03]
45	[0.05, 3.13, 0.0, 0.0, 0.0, 0.0, 1.0]	[0.19, 0.11, 1.06]	[0.19, 0.11, 1.03]	[-0.0, 0.0, 0.03]
46	[0.05, 2.9, 0.0, 0.0, 0.0, 0.0, 1.0]	[0.19, 0.13, 1.06]	[0.19, 0.13, 1.03]	[-0.0, 0.0, 0.03]
47	[0.05, 2.68, 0.0, 0.0, 0.0, 0.0, 1.0]	[0.19, 0.16, 1.05]	[0.19, 0.16, 1.03]	[-0.0, 0.0, 0.03]
48	[0.05, 2.45, 0.0, 0.0, 0.0, 0.0, 1.0]	[0.19, 0.18, 1.05]	[0.19, 0.18, 1.03]	[-0.0, 0.0, 0.03]
49	[0.05, 2.23, 0.0, 0.0, 0.0, 0.0, 1.0]	[0.19, 0.2, 1.05]	[0.19, 0.2, 1.02]	[-0.0, 0.0, 0.03]
50	[0.05, 2.0, 0.0, 0.0, 0.0, 0.0, 1.0]	[0.19, 0.22, 1.05]	[0.19, 0.22, 1.02]	[-0.0, 0.0, 0.03]
51	[0.05, 1.78, 0.0, 0.0, 0.0, 0.0, 1.0]	[0.19, 0.25, 1.05]	[0.19, 0.25, 1.02]	[-0.0, 0.0, 0.03]
52	[0.06, 1.56, 0.0, 0.0, 0.0, 0.0, 1.0]	[0.19, 0.27, 1.05]	[0.19, 0.27, 1.02]	[-0.0, 0.0, 0.03]
53	[0.06, 1.34, 0.0, 0.0, 0.0, 0.0, 1.0]	[0.19, 0.29, 1.04]	[0.19, 0.29, 1.02]	[-0.0, 0.0, 0.03]
54	[0.06, 1.12, 0.0, 0.0, 0.0, 0.0, 1.0]	[0.19, 0.31, 1.04]	[0.19, 0.31, 1.01]	[-0.0, 0.0, 0.03]
55	[0.07, 0.91, 0.0, 0.0, 0.0, 0.0, 1.0]	[0.19, 0.33, 1.04]	[0.19, 0.33, 1.01]	[-0.0, 0.0, 0.03]
56	[0.08, 0.71, 0.0, 0.0, 0.0, 0.0, 1.0]	[0.19, 0.35, 1.04]	[0.19, 0.35, 1.01]	[-0.0, 0.0, 0.03]
57	[0.09, 0.55, 0.0, 0.0, 0.0, 0.0, 1.0]	[0.19, 0.36, 1.03]	[0.19, 0.36, 1.01]	[-0.0, 0.0, 0.03]
58	[0.1, 0.42, 0.0, 0.0, 0.0, 0.0, 1.0]	[0.19, 0.37, 1.03]	[0.19, 0.37, 1.0]	[-0.0, 0.0, 0.03]
59	[0.1, 0.32, 0.0, 0.0, 0.0, 0.0, 1.0]	[0.19, 0.38, 1.03]	[0.19, 0.38, 1.0]	[-0.0, 0.0, 0.03]
60	[0.11, 0.25, 0.0, 0.0, 0.0, 0.0, 1.0]	[0.18, 0.38, 1.03]	[0.19, 0.38, 1.0]	[-0.0, 0.0, 0.03]
61	[0.12, 0.2, 0.0, 0.0, 0.0, 0.0, 1.0]	[0.18, 0.39, 1.02]	[0.18, 0.39, 0.99]	[-0.0, 0.0, 0.03]
62	[0.13, 0.17, 0.0, 0.0, 0.0, 0.0, 1.0]	[0.18, 0.39, 1.02]	[0.18, 0.39, 0.99]	[-0.0, 0.0, 0.03]
63	[0.14, 0.15, 0.0, 0.0, 0.0, 0.0, 1.0]	[0.18, 0.39, 1.01]	[0.18, 0.39, 0.98]	[-0.0, 0.0, 0.03]
64	[0.15, 0.15, 0.0, 0.0, 0.0, 0.0, 1.0]	[0.18, 0.39, 1.0]	[0.18, 0.39, 0.97]	[-0.0, 0.0, 0.03]
65	[0.16, 0.15, 0.0, 0.0, 0.0, 0.0, 1.0]	[0.18, 0.39, 1.0]	[0.18, 0.39, 0.97]	[-0.0, 0.0, 0.03]
66	[0.17, 0.15, 0.0, 0.0, 0.0, 0.0, 1.0]	[0.18, 0.39, 0.99]	[0.18, 0.39, 0.96]	[-0.0, 0.0, 0.03]
67	[0.18, 0.15, 0.0, 0.0, 0.0, 0.0, 1.0]	[0.18, 0.39, 0.98]	[0.18, 0.39, 0.95]	[-0.0, 0.0, 0.03]
68	[0.19, 0.15, 0.0, 0.0, 0.0, 0.0, 1.0]	[0.18, 0.39, 0.97]	[0.18, 0.39, 0.94]	[-0.0, 0.0, 0.03]
69	[0.19, 0.16, 0.0, 0.0, 0.0, 0.0, 1.0]	[0.18, 0.39, 0.97]	[0.18, 0.39, 0.94]	[-0.0, 0.0, 0.03]
70	[0.19, 0.16, 0.0, 0.0, 0.0, 0.0, 1.0]	[0.18, 0.39, 0.96]	[0.18, 0.39, 0.93]	[-0.0, 0.0, 0.03]
71	[0.19, 0.16, 0.0, 0.0, 0.0, 0.0, 1.0]	[0.18, 0.39, 0.95]	[0.18, 0.39, 0.92]	[-0.0, 0.0, 0.03]
72	[0.19, 0.16, 0.0, 0.0, 0.0, 0.0, 1.0]	[0.18, 0.39, 0.95]	[0.18, 0.39, 0.92]	[-0.0, 0.0, 0.03]
73	[0.19, 0.16, 0.0, 0.0, 0.0, 0.0, 1.0]	[0.18, 0.39, 0.94]	[0.18, 0.39, 0.91]	[-0.0, 0.0, 0.03]
74	[0.19, 0.16, 0.0, 0.0, 0.0, 0.0, 1.0]	[0.18, 0.39, 0.93]	[0.18, 0.39, 0.9]	[-0.0, 0.0, 0.03]
75	[0.19, 0.16, 0.0, 0.0, 0.0, 0.0, 1.0]	[0.17, 0.38, 0.93]	[0.18, 0.39, 0.9]	[-0.0, 0.0, 0.03]
76	[0.2, 0.17, 0.0, 0.0, 0.0, 0.0, 1.0]	[0.17, 0.38, 0.92]	[0.18, 0.38, 0.89]	[-0.0, 0.0, 0.03]
77	[0.21, 0.18, 0.0, 0.0, 0.0, 0.0, 1.0]	[0.17, 0.38, 0.91]	[0.17, 0.38, 0.88]	[-0.0, 0.0, 0.03]
78	[0.23, 0.19, 0.0, 0.0, 0.0, 0.0, 1.0]	[0.17, 0.38, 0.9]	[0.17, 0.38, 0.87]	[-0.0, 0.0, 0.03]
79	[0.25, 0.22, 0.0, 0.0, 0.0, 0.0, 1.0]	[0.17, 0.38, 0.89]	[0.17, 0.38, 0.86]	[-0.0, 0.0, 0.03]
80	[0.27, 0.24, 0.0, 0.0, 0.0, 0.0, 1.0]	[0.17, 0.38, 0.88]	[0.17, 0.38, 0.86]	[-0.0, 0.0, 0.03]
81	[0.27, 0.24, 0.0, 0.0, 0.0, 0.0, 1.0]	[0.17, 0.38, 0.88]	[0.17, 0.38, 0.86]	[-0.0, 0.0, 0.03]
82	[0.24, 0.23, 0.0, 0.0, 0.0, 0.0, 1.0]	[0.17, 0.38, 0.88]	[0.17, 0.38, 0.86]	[-0.0, 0.0, 0.03]
83	[0.24, 0.22, 0.0, 0.0, 0.0, 0.0, 1.0]	[0.17, 0.38, 0.88]	[0.17, 0.38, 0.86]	[-0.0, 0.0, 0.03]
84	[0.23, 0.22, 0.0, 0.0, 0.0, 0.0, 1.0]	[0.17, 0.38, 0.88]	[0.18, 0.38, 0.86]	[-0.0, 0.0, 0.03]
85	[0.22, 0.21, 0.0, 0.0, 0.0, 0.0, 1.0]	[0.17, 0.38, 0.88]	[0.18, 0.38, 0.86]	[-0.0, 0.0, 0.02]
86	[0.22, 0.21, 0.0, 0.0, 0.0, 0.0, 1.0]	[0.17, 0.38, 0.88]	[0.18, 0.38, 0.86]	[-0.0, 0.0, 0.02]
87	[0.21, 0.2, 0.0, 0.0, 0.0, 0.0, 1.0]	[0.17, 0.38, 0.88]	[0.18, 0.38, 0.86]	[-0.0, 0.0, 0.02]
88	[0.21, 0.2, 0.0, 0.0, 0.0, 0.0, 1.0]	[0.17, 0.38, 0.88]	[0.18, 0.38, 0.86]	[-0.0, 0.0, 0.02]
89	[0.21, 0.2, 0.0, 0.0, 0.0, 0.0, 1.0]	[0.17, 0.38, 0.88]	[0.18, 0.38, 0.86]	[-0.0, 0.0, 0.02]
90	[0.21, 0.2, 0.0, 0.0, 0.0, 0.0, 1.0]	[0.17, 0.38, 0.88]	[0.18, 0.38, 0.86]	[-0.0, 0.0, 0.02]
91	[0.2, 0.2, 0.0, 0.0, 0.0, 0.0, 1.0]	[0.17, 0.38, 0.88]	[0.18, 0.38, 0.86]	[-0.0, 0.0, 0.02]
92	[0.2, 0.2, 0.0, 0.0, 0.0, 0.0, 1.0]	[0.17, 0.38, 0.88]	[0.18, 0.38, 0.86]	[-0.0, 0.0, 0.02]
93	[0.2, 0.2, 0.0, 0.0, 0.0, 0.0, 1.0]	[0.17, 0.38, 0.88]	[0.18, 0.38, 0.86]	[-0.0, 0.0, 0.02]
94	[0.2, 0.2, 0.0, 0.0, 0.0, 0.0, 1.0]	[0.17, 0.38, 0.88]	[0.18, 0.38, 0.86]	[-0.0, 0.0, 0.02]
95	[0.2, 0.19, 0.0, 0.0, 0.0, 0.0, 1.0]	[0.17, 0.38, 0.88]	[0.18, 0.38, 0.86]	[-0.0, 0.0, 0.02]
96	[0.2, 0.19, 0.0, 0.0, 0.0, 0.0, 1.0]	[0.17, 0.38, 0.88]	[0.18, 0.38, 0.86]	[-0.0, 0.0, 0.02]
97	[0.2, 0.19, 0.0, 0.0, 0.0, 0.0, 1.0]	[0.17, 0.38, 0.88]	[0.18, 0.38, 0.86]	[-0.0, 0.0, 0.02]
98	[0.2, 0.19, 0.0, 0.0, 0.0, 0.0, 1.0]	[0.17, 0.38, 0.88]	[0.18, 0.38, 0.86]	[-0.0, 0.0, 0.02]
99	[0.2, 0.19, 0.0, 0.0, 0.0, 0.0, 1.0]	[0.17, 0.38, 0.88]	[0.18, 0.38, 0.86]	[-0.0, 0.0, 0.02]
100	[0.2, 0.19, 0.0, 0.0, 0.0, 0.0, 1.0]	[0.17, 0.38, 0.88]	[0.18, 0.38, 0.86]	[-0.0, 0.0, 0.02]
101	[0.2, 0.19, 0.0, 0.0, 0.0, 0.0, 1.0]	[0.17, 0.38, 0.88]	[0.18, 0.38, 0.86]	[-0.0, 0.0, 0.02]
102	[0.2, 0.19, 0.0, 0.0, 0.0, 0.0, 1.0]	[0.17, 0.38, 0.88]	[0.18, 0.38, 0.86]	[-0.0, 0.0, 0.02]
103	[0.2, 0.19, 0.0, 0.0, 0.0, 0.0, 1.0]	[0.17, 0.38, 0.88]	[0.18, 0.38, 0.86]	[-0.0, 0.0, 0.02]
104	[0.2, 0.19, 0.0, 0.0, 0.0, 0.0, 1.0]	[0.17, 0.38, 0.88]	[0.18, 0.38, 0.86]	[-0.0, 0.0, 0.02]
105	[0.19, 0.19, 0.0, 0.0, 0.0, 0.0, 1.0]	[0.17, 0.38, 0.88]	[0.18, 0.38, 0.86]	[-0.0, 0.0, 0.02]
106	[0.2, 0.19, 0.0, 0.0, 0.0, 0.0, 1.0]	[0.17, 0.38, 0.88]	[0.18, 0.38, 0.86]	[-0.0, 0.0, 0.02]
107	[0.2, 0.19, 0.0, 0.0, 0.0, 0.0, 1.0]	[0.17, 0.38, 0.88]	[0.18, 0.38, 0.86]	[-0.0, 0.0, 0.02]
108	[0.2, 0.19, 0.0, 0.0, 0.0, 0.0, 1.0]	[0.17, 0.38, 0.88]	[0.18, 0.38, 0.86]	[-0.0, 0.0, 0.02]
109	[0.2, 0.19, 0.0, 0.0, 0.0, 0.0, 1.0]	[0.17, 0.38, 0.88]	[0.18, 0.38, 0.86]	[-0.0, 0.0, 0.02]
110	[0.19, 0.19, 0.0, 0.0, 0.0, 0.0, 1.0]	[0.17, 0.38, 0.88]	[0.18, 0.38, 0.86]	[-0.0, 0.0, 0.02]
111	[0.19, 0.19, 0.0, 0.0, 0.0, 0.0, 1.0]	[0.17, 0.38, 0.88]	[0.18, 0.38, 0.86]	[-0.0, 0.0, 0.02]
112	[0.19, 0.19, 0.0, 0.0, 0.0, 0.0, 1.0]	[0.17, 0.38, 0.88]	[0.18, 0.38, 0.86]	[-0.0, 0.0, 0.02]
113	[0.19, 0.19, 0.0, 0.0, 0.0, 0.0, 1.0]	[0.17, 0.38, 0.88]	[0.18, 0.38, 0.86]	[-0.0, 0.0, 0.02]
114	[0.19, 0.19, 0.0, 0.0, 0.0, 0.0, 1.0]	[0.17, 0.38, 0.88]	[0.18, 0.38, 0.86]	[-0.0, 0.0, 0.02]
115	[0.19, 0.19, 0.0, 0.0, 0.0, 0.0, 1.0]	[0.17, 0.38, 0.88]	[0.18, 0.38, 0.86]	[-0.0, 0.0, 0.02]
116	[0.19, 0.19, 0.0, 0.0, 0.0, 0.0, 1.0]	[0.17, 0.38, 0.88]	[0.18, 0.38, 0.86]	[-0.0, 0.0, 0.02]
117	[0.19, 0.18, 0.0, 0.0, 0.0, 0.0, 1.0]	[0.17, 0.38, 0.88]	[0.18, 0.38, 0.86]	[-0.0, 0.0, 0.02]
118	[0.19, 0.18, 0.0, 0.0, 0.0, 0.0, 1.0]	[0.17, 0.38, 0.88]	[0.18, 0.38, 0.86]	[-0.0, 0.0, 0.02]
119	[0.19, 0.18, 0.0, 0.0, 0.0, 0.0, 1.0]	[0.17, 0.38, 0.88]	[0.18, 0.38, 0.86]	[-0.0, -0.0, 0.02]
