step	action	robot0_eef_pos	cubeA_pos	cubeB_pos	gripper_to_cubeA	gripper_to_cubeB	cubeA_to_cubeB
0	[0.37, -0.44, 0.0, 0.0, 0.0, 0.0, -1.0]	[-0.11, -0.0, 1.0]	[-0.08, -0.04, 0.82]	[0.01, 0.0, 0.82]	[0.03, -0.04, -0.18]	[0.12, 0.0, -0.18]	[0.09, 0.04, 0.0]
1	[0.32, -0.38, 0.0, 0.0, 0.0, 0.0, -1.0]	[-0.1, -0.01, 1.0]	[-0.08, -0.04, 0.82]	[0.01, 0.0, 0.82]	[0.03, -0.03, -0.18]	[0.12, 0.01, -0.17]	[0.09, 0.04, 0.0]
2	[0.26, -0.3, 0.0, 0.0, 0.0, 0.0, -1.0]	[-0.1, -0.01, 1.0]	[-0.08, -0.04, 0.82]	[0.01, 0.0, 0.82]	[0.02, -0.02, -0.18]	[0.11, 0.02, -0.17]	[0.09, 0.04, 0.0]
3	[0.2, -0.24, 0.0, 0.0, 0.0, 0.0, -1.0]	[-0.09, -0.02, 1.0]	[-0.08, -0.04, 0.82]	[0.01, 0.0, 0.82]	[0.02, -0.02, -0.18]	[0.11, 0.02, -0.17]	[0.09, 0.04, 0.0]
4	[0.15, -0.17, 0.0, 0.0, 0.0, 0.0, -1.0]	[-0.09, -0.03, 1.0]	[-0.08, -0.04, 0.82]	[0.01, 0.0, 0.82]	[0.01, -0.01, -0.18]	[0.1, 0.03, -0.17]	[0.09, 0.04, 0.0]
5	[0.11, -0.12, 0.0, 0.0, 0.0, 0.0, -1.0]	[-0.09, -0.03, 1.0]	[-0.08, -0.04, 0.82]	[0.01, 0.0, 0.82]	[0.01, -0.01, -0.18]	[0.1, 0.03, -0.17]	[0.09, 0.04, 0.0]
6	[0.08, -0.08, 0.0, 0.0, 0.0, 0.0, -1.0]	[-0.08, -0.03, 1.0]	[-0.08, -0.04, 0.82]	[0.01, 0.0, 0.82]	[0.01, -0.01, -0.18]	[0.1, 0.04, -0.17]	[0.09, 0.04, 0.0]
7	[0.06, -0.06, -1.79, 0.0, 0.0, 0.0, -1.0]	[-0.08, -0.03, 0.98]	[-0.08, -0.04, 0.82]	[0.01, 0.0, 0.82]	[0.0, -0.0, -0.16]	[0.09, 0.04, -0.16]	[0.09, 0.04, 0.0]
8	[0.03, -0.04, -1.63, 0.0, 0.0, 0.0, -1.0]	[-0.08, -0.03, 0.96]	[-0.08, -0.04, 0.82]	[0.01, 0.0, 0.82]	[-0.0, -0.0, -0.14]	[0.09, 0.04, -0.14]	[0.09, 0.04, 0.0]
9	[-0.01, -0.04, -1.41, 0.0, 0.0, 0.0, -1.0]	[-0.08, -0.03, 0.94]	[-0.08, -0.04, 0.82]	[0.01, 0.0, 0.82]	[-0.0, -0.0, -0.12]	[0.09, 0.04, -0.11]	[0.09, 0.04, 0.0]
10	[-0.02, -0.04, -1.18, 0.0, 0.0, 0.0, -1.0]	[-0.08, -0.03, 0.91]	[-0.08, -0.04, 0.82]	[0.01, 0.0, 0.82]	[-0.0, -0.0, -0.1]	[0.09, 0.04, -0.09]	[0.09, 0.04, 0.0]
11	[-0.02, -0.04, -0.95, 0.0, 0.0, 0.0, -1.0]	[-0.08, -0.03, 0.89]	[-0.08, -0.04, 0.82]	[0.01, 0.0, 0.82]	[-0.0, -0.0, -0.07]	[0.09, 0.04, -0.07]	[0.09, 0.04, 0.0]
12	[-0.01, -0.04, -0.72, 0.0, 0.0, 0.0, -1.0]	[-0.08, -0.04, 0.87]	[-0.08, -0.04, 0.82]	[0.01, 0.0, 0.82]	[0.0, -0.0, -0.05]	[0.09, 0.04, -0.05]	[0.09, 0.04, 0.0]
13	[0.01, -0.03, -0.53, 0.0, 0.0, 0.0, -1.0]	[-0.08, -0.04, 0.86]	[-0.08, -0.04, 0.82]	[0.01, 0.0, 0.82]	[0.0, -0.0, -0.04]	[0.09, 0.04, -0.03]	[0.09, 0.04, 0.0]
14	[0.03, -0.02, -0.39, 0.0, 0.0, 0.0, -1.0]	[-0.08, -0.04, 0.85]	[-0.08, -0.04, 0.82]	[0.01, 0.0, 0.82]	[0.01, -0.0, -0.03]	[0.1, 0.04, -0.02]	[0.09, 0.04, 0.0]
15	[0.05, -0.01, -0.28, 0.0, 0.0, 0.0, -1.0]	[-0.08, -0.04, 0.84]	[-0.08, -0.04, 0.82]	[0.01, 0.0, 0.82]	[0.01, 0.0, -0.02]	[0.1, 0.04, -0.01]	[0.09, 0.04, 0.0]
16	[0.06, 0.01, -0.19, 0.0, 0.0, 0.0, -1.0]	[-0.09, -0.04, 0.83]	[-0.08, -0.04, 0.82]	[0.01, 0.0, 0.82]	[0.01, 0.0, -0.01]	[0.1, 0.04, -0.01]	[0.09, 0.04, 0.0]
17	[0.07, 0.02, -0.13, 0.0, 0.0, 0.0, -1.0]	[-0.08, -0.04, 0.83]	[-0.08, -0.04, 0.82]	[0.01, 0.0, 0.82]	[0.01, 0.0, -0.01]	[0.1, 0.04, -0.0]	[0.09, 0.04, 0.0]
18	[0.07, 0.03, -0.09, 0.0, 0.0, 0.0, -1.0]	[-0.08, -0.04, 0.83]	[-0.08, -0.04, 0.82]	[0.01, 0.0, 0.82]	[0.01, 0.0, -0.01]	[0.1, 0.05, -0.0]	[0.09, 0.04, 0.01]
19	[0.0, 0.0, 0.0, 0.0, 0.0, 0.0, 1.0]	[-0.08, -0.04, 0.83]	[-0.08, -0.04, 0.82]	[0.01, 0.0, 0.82]	[0.01, 0.0, -0.01]	[0.1, 0.05, -0.0]	[0.09, 0.04, 0.01]
20	[0.0, 0.0, 0.0, 0.0, 0.0, 0.0, 1.0]	[-0.08, -0.04, 0.83]	[-0.08, -0.04, 0.82]	[0.01, 0.0, 0.82]	[0.01, 0.0, -0.01]	[0.1, 0.05, -0.0]	[0.09, 0.04, 0.01]
21	[0.0, 0.0, 0.25, 0.0, 0.0, 0.0, 1.0]	[-0.09, -0.04, 0.83]	[-0.08, -0.04, 0.82]	[0.01, 0.0, 0.82]	[0.01, 0.0, -0.01]	[0.1, 0.05, -0.0]	[0.09, 0.04, 0.0]
22	[0.0, 0.0, 0.25, 0.0, 0.0, 0.0, 1.0]	[-0.09, -0.04, 0.84]	[-0.08, -0.04, 0.83]	[0.01, 0.0, 0.82]	[0.01, 0.0, -0.01]	[0.1, 0.05, -0.01]	[0.09, 0.04, -0.0]
23	[0.0, 0.0, 0.25, 0.0, 0.0, 0.0, 1.0]	[-0.09, -0.04, 0.84]	[-0.08, -0.04, 0.83]	[0.01, 0.0, 0.82]	[0.01, 0.0, -0.01]	[0.1, 0.05, -0.02]	[0.09, 0.04, -0.01]
24	[0.0, 0.0, 0.25, 0.0, 0.0, 0.0, 1.0]	[-0.09, -0.04, 0.85]	[-0.08, -0.04, 0.84]	[0.01, 0.0, 0.82]	[0.01, 0.0, -0.01]	[0.1, 0.04, -0.02]	[0.09, 0.04, -0.02]
25	[0.0, 0.0, 0.25, 0.0, 0.0, 0.0, 1.0]	[-0.09, -0.04, 0.85]	[-0.08, -0.04, 0.85]	[0.01, 0.0, 0.82]	[0.01, 0.0, -0.01]	[0.1, 0.04, -0.03]	[0.09, 0.04, -0.02]
26	[0.0, 0.0, 0.25, 0.0, 0.0, 0.0, 1.0]	[-0.09, -0.04, 0.86]	[-0.08, -0.04, 0.85]	[0.01, 0.0, 0.82]	[0.01, 0.0, -0.01]	[0.1, 0.04, -0.03]	[0.09, 0.04, -0.03]
27	[0.0, 0.0, 0.25, 0.0, 0.0, 0.0, 1.0]	[-0.09, -0.04, 0.86]	[-0.08, -0.04, 0.86]	[0.01, 0.0, 0.82]	[0.01, 0.0, -0.01]	[0.1, 0.04, -0.04]	[0.09, 0.04, -0.03]
28	[0.0, 0.0, 0.25, 0.0, 0.0, 0.0, 1.0]	[-0.09, -0.04, 0.87]	[-0.08, -0.04, 0.86]	[0.01, 0.0, 0.82]	[0.01, 0.0, -0.01]	[0.1, 0.04, -0.04]	[0.09, 0.04, -0.04]
29	[0.0, 0.0, 0.25, 0.0, 0.0, 0.0, 1.0]	[-0.09, -0.04, 0.87]	[-0.08, -0.04, 0.87]	[0.01, 0.0, 0.82]	[0.01, 0.0, -0.01]	[0.1, 0.04, -0.05]	[0.09, 0.04, -0.04]
30	[0.0, 0.0, 0.25, 0.0, 0.0, 0.0, 1.0]	[-0.09, -0.04, 0.88]	[-0.08, -0.04, 0.87]	[0.01, 0.0, 0.82]	[0.01, 0.0, -0.01]	[0.1, 0.04, -0.06]	[0.09, 0.04, -0.05]
31	[0.0, 0.0, 0.25, 0.0, 0.0, 0.0, 1.0]	[-0.09, -0.04, 0.89]	[-0.08, -0.04, 0.88]	[0.01, 0.0, 0.82]	[0.01, 0.0, -0.01]	[0.1, 0.04, -0.06]	[0.09, 0.04, -0.06]
32	[0.0, 0.0, 0.25, 0.0, 0.0, 0.0, 1.0]	[-0.09, -0.04, 0.89]	[-0.08, -0.04, 0.89]	[0.01, 0.0, 0.82]	[0.01, 0.0, -0.01]	[0.1, 0.04, -0.07]	[0.09, 0.04, -0.06]
33	[0.0, 0.0, 0.25, 0.0, 0.0, 0.0, 1.0]	[-0.09, -0.04, 0.9]	[-0.08, -0.04, 0.89]	[0.01, 0.0, 0.82]	[0.01, 0.0, -0.01]	[0.1, 0.04, -0.07]	[0.09, 0.04, -0.07]
34	[0.0, 0.0, 0.25, 0.0, 0.0, 0.0, 1.0]	[-0.09, -0.04, 0.9]	[-0.08, -0.04, 0.9]	[0.01, 0.0, 0.82]	[0.01, 0.0, -0.01]	[0.1, 0.04, -0.08]	[0.09, 0.04, -0.07]
35	[0.94, 0.43, 2.5, 0.0, 0.0, 0.0, 1.0]	[-0.08, -0.04, 0.92]	[-0.07, -0.03, 0.91]	[0.01, 0.0, 0.82]	[0.01, 0.0, -0.01]	[0.09, 0.04, -0.09]	[0.08, 0.04, -0.09]
36	[0.83, 0.38, 0.0, 0.0, 0.0, 0.0, 1.0]	[-0.06, -0.03, 0.92]	[-0.05, -0.03, 0.92]	[0.01, 0.0, 0.82]	[0.01, 0.0, -0.01]	[0.07, 0.03, -0.1]	[0.07, 0.03, -0.09]
37	[0.67, 0.32, 0.0, 0.0, 0.0, 0.0, 1.0]	[-0.05, -0.02, 0.92]	[-0.04, -0.02, 0.92]	[0.01, 0.0, 0.82]	[0.01, 0.0, -0.01]	[0.06, 0.03, -0.1]	[0.05, 0.03, -0.09]
38	[0.51, 0.27, 0.0, 0.0, 0.0, 0.0, 1.0]	[-0.03, -0.02, 0.92]	[-0.03, -0.02, 0.92]	[0.01, 0.0, 0.82]	[0.01, 0.0, -0.01]	[0.04, 0.02, -0.1]	[0.04, 0.02, -0.09]
39	[0.37, 0.21, 0.0, 0.0, 0.0, 0.0, 1.0]	[-0.02, -0.01, 0.92]	[-0.01, -0.01, 0.92]	[0.01, 0.0, 0.82]	[0.01, 0.0, -0.01]	[0.03, 0.02, -0.1]	[0.03, 0.01, -0.09]
40	[0.26, 0.15, 0.0, 0.0, 0.0, 0.0, 1.0]	[-0.01, -0.01, 0.93]	[-0.01, -0.01, 0.92]	[0.01, 0.0, 0.82]	[0.01, 0.0, -0.01]	[0.02, 0.01, -0.1]	[0.02, 0.01, -0.09]
41	[0.18, 0.1, 0.0, 0.0, 0.0, 0.0, 1.0]	[-0.01, -0.0, 0.93]	[0.0, -0.0, 0.92]	[0.01, 0.0, 0.82]	[0.01, 0.0, -0.01]	[0.02, 0.01, -0.1]	[0.01, 0.01, -0.1]
42	[0.12, 0.06, 0.0, 0.0, 0.0, 0.0, 1.0]	[-0.0, -0.0, 0.93]	[0.0, 0.0, 0.92]	[0.01, 0.0, 0.82]	[0.01, 0.0, -0.01]	[0.01, 0.0, -0.1]	[0.01, 0.0, -0.1]
43	[0.08, 0.03, -0.46, 0.0, 0.0, 0.0, 1.0]	[0.0, 0.0, 0.92]	[0.01, 0.0, 0.91]	[0.01, 0.0, 0.82]	[0.01, 0.0, -0.01]	[0.01, 0.0, -0.09]	[0.0, 0.0, -0.09]
44	[0.05, 0.01, -0.38, 0.0, 0.0, 0.0, 1.0]	[0.0, 0.0, 0.91]	[0.01, 0.0, 0.9]	[0.01, 0.0, 0.82]	[0.01, 0.0, -0.01]	[0.01, 0.0, -0.09]	[0.0, 0.0, -0.08]
45	[0.03, 0.0, -0.29, 0.0, 0.0, 0.0, 1.0]	[0.0, 0.0, 0.9]	[0.01, 0.0, 0.9]	[0.01, 0.0, 0.82]	[0.01, 0.0, -0.01]	[0.01, 0.0, -0.08]	[0.0, -0.0, -0.07]
46	[0.02, -0.0, -0.22, 0.0, 0.0, 0.0, 1.0]	[0.0, 0.0, 0.9]	[0.01, 0.0, 0.89]	[0.01, 0.0, 0.82]	[0.01, 0.0, -0.01]	[0.01, 0.0, -0.07]	[0.0, -0.0, -0.07]
47	[0.01, -0.0, -0.16, 0.0, 0.0, 0.0, 1.0]	[0.0, 0.0, 0.89]	[0.01, 0.0, 0.89]	[0.01, 0.0, 0.82]	[0.01, 0.0, -0.01]	[0.01, 0.0, -0.07]	[0.0, -0.0, -0.06]
48	[0.01, -0.01, -0.12, 0.0, 0.0, 0.0, 1.0]	[0.0, 0.0, 0.89]	[0.01, 0.0, 0.88]	[0.01, 0.0, 0.82]	[0.01, 0.0, -0.01]	[0.01, 0.0, -0.06]	[0.0, -0.0, -0.06]
49	[0.0, 0.0, 0.0, 0.0, 0.0, 0.0, -1.0]	[0.0, 0.0, 0.89]	[0.01, 0.0, 0.88]	[0.01, 0.0, 0.82]	[0.01, 0.0, -0.01]	[0.01, 0.0, -0.06]	[0.0, -0.0, -0.06]
50	[0.0, 0.0, 0.0, 0.0, 0.0, 0.0, -1.0]	[0.0, 0.0, 0.89]	[0.01, 0.0, 0.88]	[0.01, 0.0, 0.82]	[0.01, 0.0, -0.01]	[0.01, 0.0, -0.06]	[0.0, -0.0, -0.06]
51	[0.0, 0.0, 0.0, 0.0, 0.0, 0.0, -1.0]	[0.0, 0.0, 0.89]	[0.01, 0.0, 0.88]	[0.01, 0.0, 0.82]	[0.01, 0.0, -0.01]	[0.01, 0.0, -0.06]	[0.0, -0.0, -0.06]
52	[0.0, 0.0, 0.0, 0.0, 0.0, 0.0, -1.0]	[0.0, 0.0, 0.89]	[0.01, 0.0, 0.87]	[0.01, 0.0, 0.82]	[0.01, -0.0, -0.02]	[0.01, 0.0, -0.06]	[0.0, 0.0, -0.04]
53	[0.0, 0.0, 1.0, 0.0, 0.0, 0.0, -1.0]	[0.0, 0.0, 0.9]	[0.01, 0.0, 0.87]	[0.01, 0.0, 0.82]	[0.01, -0.0, -0.03]	[0.01, 0.0, -0.08]	[0.0, 0.0, -0.04]
54	[0.0, 0.0, 1.0, 0.0, 0.0, 0.0, -1.0]	[0.0, 0.0, 0.93]	[0.01, 0.0, 0.87]	[0.01, 0.0, 0.82]	[0.01, -0.0, -0.06]	[0.01, 0.0, -0.1]	[0.0, 0.0, -0.04]
55	[0.0, 0.0, 1.0, 0.0, 0.0, 0.0, -1.0]	[-0.0, 0.0, 0.95]	[0.01, 0.0, 0.87]	[0.01, 0.0, 0.82]	[0.01, -0.0, -0.08]	[0.01, 0.0, -0.12]	[0.0, 0.0, -0.04]
56	[0.0, 0.0, 1.0, 0.0, 0.0, 0.0, -1.0]	[-0.0, 0.0, 0.97]	[0.01, 0.0, 0.87]	[0.01, 0.0, 0.82]	[0.01, -0.0, -0.1]	[0.01, 0.0, -0.15]	[0.0, 0.0, -0.04]
57	[0.0, 0.0, 0.0, 0.0, 0.0, 0.0, -1.0]	[-0.0, 0.0, 0.98]	[0.01, 0.0, 0.87]	[0.01, 0.0, 0.82]	[0.01, -0.0, -0.11]	[0.01, -0.0, -0.15]	[0.0, 0.0, -0.04]
58	[0.0, 0.0, 0.0, 0.0, 0.0, 0.0, -1.0]	[-0.0, 0.0, 0.98]	[0.01, 0.0, 0.87]	[0.01, 0.0, 0.82]	[0.01, -0.0, -0.11]	[0.01, -0.0, -0.15]	[0.0, 0.0, -0.04]
59	[0.0, 0.0, 0.0, 0.0, 0.0, 0.0, -1.0]	[-0.0, 0.0, 0.98]	[0.01, 0.0, 0.87]	[0.01, 0.0, 0.82]	[0.01, -0.0, -0.11]	[0.01, -0.0, -0.15]	[0.0, 0.0, -0.04]
60	[0.0, 0.0, 0.0, 0.0, 0.0, 0.0, -1.0]	[-0.0, 0.0, 0.98]	[0.01, 0.0, 0.87]	[0.01, 0.0, 0.82]	[0.01, -0.0, -0.11]	[0.01, -0.0, -0.15]	[0.0, 0.0, -0.04]
61	[0.0, 0.0, 0.0, 0.0, 0.0, 0.0, -1.0]	[-0.0, 0.0, 0.98]	[0.01, 0.0, 0.87]	[0.01, 0.0, 0.82]	[0.01, -0.0, -0.11]	[0.01, -0.0, -0.15]	[0.0, 0.0, -0.04]
62	[0.0, 0.0, 0.0, 0.0, 0.0, 0.0, -1.0]	[-0.0, 0.0, 0.98]	[0.01, 0.0, 0.87]	[0.01, 0.0, 0.82]	[0.01, -0.0, -0.11]	[0.01, -0.0, -0.15]	[0.0, 0.0, -0.04]
63	[0.0, 0.0, 0.0, 0.0, 0.0, 0.0, -1.0]	[-0.0, 0.0, 0.98]	[0.01, 0.0, 0.87]	[0.01, 0.0, 0.82]	[0.01, -0.0, -0.11]	[0.01, -0.0, -0.15]	[0.0, 0.0, -0.04]
64	[0.0, 0.0, 0.0, 0.0, 0.0, 0.0, -1.0]	[-0.0, 0.0, 0.98]	[0.01, 0.0, 0.87]	[0.01, 0.0, 0.82]	[0.01, -0.0, -0.11]	[0.01, -0.0, -0.15]	[0.0, 0.0, -0.04]
65	[0.0, 0.0, 0.0, 0.0, 0.0, 0.0, -1.0]	[-0.0, 0.0, 0.98]	[0.01, 0.0, 0.87]	[0.01, 0.0, 0.82]	[0.01, -0.0, -0.11]	[0.01, -0.0, -0.15]	[0.0, 0.0, -0.04]
66	[0.0, 0.0, 0.0, 0.0, 0.0, 0.0, -1.0]	[-0.0, 0.0, 0.98]	[0.01, 0.0, 0.87]	[0.01, 0.0, 0.82]	[0.01, -0.0, -0.11]	[0.01, -0.0, -0.15]	[0.0, 0.0, -0.04]
67	[0.0, 0.0, 0.0, 0.0, 0.0, 0.0, -1.0]	[-0.0, 0.0, 0.98]	[0.01, 0.0, 0.87]	[0.01, 0.0, 0.82]	[0.01, -0.0, -0.11]	[0.01, -0.0, -0.15]	[0.0, 0.0, -0.04]
68	[0.0, 0.0, 0.0, 0.0, 0.0, 0.0, -1.0]	[-0.0, 0.0, 0.98]	[0.01, 0.0, 0.87]	[0.01, 0.0, 0.82]	[0.01, -0.0, -0.11]	[0.01, -0.0, -0.15]	[0.0, 0.0, -0.04]
69	[0.0, 0.0, 0.0, 0.0, 0.0, 0.0, -1.0]	[-0.0, 0.0, 0.98]	[0.01, 0.0, 0.87]	[0.01, 0.0, 0.82]	[0.01, -0.0, -0.11]	[0.01, -0.0, -0.15]	[0.0, 0.0, -0.04]
70	[0.0, 0.0, 0.0, 0.0, 0.0, 0.0, -1.0]	[-0.0, 0.0, 0.98]	[0.01, 0.0, 0.87]	[0.01, 0.0, 0.82]	[0.01, -0.0, -0.11]	[0.01, -0.0, -0.15]	[0.0, 0.0, -0.04]
71	[0.0, 0.0, 0.0, 0.0, 0.0, 0.0, -1.0]	[-0.0, 0.0, 0.98]	[0.01, 0.0, 0.87]	[0.01, 0.0, 0.82]	[0.01, -0.0, -0.11]	[0.01, -0.0, -0.15]	[0.0, 0.0, -0.04]
72	[0.0, 0.0, 0.0, 0.0, 0.0, 0.0, -1.0]	[-0.0, 0.0, 0.98]	[0.01, 0.0, 0.87]	[0.01, 0.0, 0.82]	[0.01, -0.0, -0.11]	[0.01, -0.0, -0.15]	[0.0, 0.0, -0.04]
73	[0.0, 0.0, 0.0, 0.0, 0.0, 0.0, -1.0]	[-0.0, 0.0, 0.98]	[0.01, 0.0, 0.87]	[0.01, 0.0, 0.82]	[0.01, -0.0, -0.11]	[0.01, -0.0, -0.15]	[0.0, 0.0, -0.04]
74	[0.0, 0.0, 0.0, 0.0, 0.0, 0.0, -1.0]	[-0.0, 0.0, 0.98]	[0.01, 0.0, 0.87]	[0.01, 0.0, 0.82]	[0.01, -0.0, -0.11]	[0.01, -0.0, -0.15]	[0.0, 0.0, -0.04]
75	[0.0, 0.0, 0.0, 0.0, 0.0, 0.0, -1.0]	[-0.0, 0.0, 0.98]	[0.01, 0.0, 0.87]	[0.01, 0.0, 0.82]	[0.01, -0.0, -0.11]	[0.01, -0.0, -0.15]	[0.0, 0.0, -0.04]
76	[0.0, 0.0, 0.0, 0.0, 0.0, 0.0, -1.0]	[-0.0, 0.0, 0.98]	[0.01, 0.0, 0.87]	[0.01, 0.0, 0.82]	[0.01, -0.0, -0.11]	[0.01, -0.0, -0.15]	[0.0, 0.0, -0.04]
77	[0.0, 0.0, 0.0, 0.0, 0.0, 0.0, -1.0]	[-0.0, 0.0, 0.98]	[0.01, 0.0, 0.87]	[0.01, 0.0, 0.82]	[0.01, -0.0, -0.11]	[0.01, -0.0, -0.15]	[0.0, 0.0, -0.04]
78	[0.0, 0.0, 0.0, 0.0, 0.0, 0.0, -1.0]	[-0.0, 0.0, 0.98]	[0.01, 0.0, 0.87]	[0.01, 0.0, 0.82]	[0.01, -0.0, -0.11]	[0.01, -0.0, -0.15]	[0.0, 0.0, -0.04]
79	[0.0, 0.0, 0.0, 0.0, 0.0, 0.0, -1.0]	[-0.0, 0.0, 0.98]	[0.01, 0.0, 0.87]	[0.01, 0.0, 0.82]	[0.01, -0.0, -0.11]	[0.01, -0.0, -0.15]	[0.0, 0.0, -0.04]
