step	action	robot0_eef_pos	cubeA_pos	cubeB_pos	gripper_to_cubeA	gripper_to_cubeB	cubeA_to_cubeB
0	[2.03, 0.88, 0.0, 0.0, 0.0, 0.0, -1.0]	[-0.08, 0.03, 1.01]	[0.11, 0.11, 0.82]	[0.08, -0.1, 0.82]	[0.19, 0.08, -0.19]	[0.16, -0.13, -0.19]	[-0.03, -0.21, 0.0]
1	[1.88, 0.77, 0.0, 0.0, 0.0, 0.0, -1.0]	[-0.06, 0.04, 1.01]	[0.11, 0.11, 0.82]	[0.08, -0.1, 0.82]	[0.17, 0.06, -0.19]	[0.14, -0.14, -0.18]	[-0.03, -0.21, 0.0]
2	[1.68, 0.63, 0.0, 0.0, 0.0, 0.0, -1.0]	[-0.04, 0.06, 1.01]	[0.11, 0.11, 0.82]	[0.08, -0.1, 0.82]	[0.15, 0.05, -0.19]	[0.12, -0.16, -0.18]	[-0.03, -0.21, 0.0]
3	[1.48, 0.5, 0.0, 0.0, 0.0, 0.0, -1.0]	[-0.02, 0.07, 1.01]	[0.11, 0.11, 0.82]	[0.08, -0.1, 0.82]	[0.13, 0.04, -0.19]	[0.1, -0.17, -0.18]	[-0.03, -0.21, 0.0]
4	[1.26, 0.36, 0.0, 0.0, 0.0, 0.0, -1.0]	[0.0, 0.08, 1.0]	[0.11, 0.11, 0.82]	[0.08, -0.1, 0.82]	[0.1, 0.02, -0.18]	[0.08, -0.18, -0.18]	[-0.03, -0.21, 0.0]
5	[1.05, 0.24, 0.0, 0.0, 0.0, 0.0, -1.0]	[0.03, 0.09, 1.0]	[0.11, 0.11, 0.82]	[0.08, -0.1, 0.82]	[0.08, 0.02, -0.18]	[0.06, -0.19, -0.18]	[-0.03, -0.21, 0.0]
6	[0.83, 0.15, 0.0, 0.0, 0.0, 0.0, -1.0]	[0.05, 0.1, 1.0]	[0.11, 0.11, 0.82]	[0.08, -0.1, 0.82]	[0.06, 0.01, -0.18]	[0.04, -0.2, -0.18]	[-0.03, -0.21, 0.0]
7	[0.64, 0.09, 0.0, 0.0, 0.0, 0.0, -1.0]	[0.06, 0.1, 1.0]	[0.11, 0.11, 0.82]	[0.08, -0.1, 0.82]	[0.05, 0.0, -0.18]	[0.02, -0.2, -0.18]	[-0.03, -0.21, 0.01]
8	[0.47, 0.05, 0.0, 0.0, 0.0, 0.0, -1.0]	[0.08, 0.1, 1.01]	[0.11, 0.11, 0.82]	[0.08, -0.1, 0.82]	[0.03, 0.0, -0.19]	[0.01, -0.21, -0.18]	[-0.03, -0.21, 0.01]
9	[0.34, 0.02, 0.0, 0.0, 0.0, 0.0, -1.0]	[0.09, 0.1, 1.01]	[0.11, 0.11, 0.82]	[0.08, -0.1, 0.82]	[0.02, 0.0, -0.19]	[-0.0, -0.21, -0.18]	[-0.03, -0.21, 0.01]
10	[0.23, 0.01, 0.0, 0.0, 0.0, 0.0, -1.0]	[0.09, 0.11, 1.01]	[0.11, 0.11, 0.82]	[0.08, -0.1, 0.82]	[0.02, 0.0, -0.19]	[-0.01, -0.21, -0.18]	[-0.03, -0.21, 0.01]
11	[0.16, 0.01, 0.0, 0.0, 0.0, 0.0, -1.0]	[0.1, 0.11, 1.01]	[0.11, 0.11, 0.82]	[0.08, -0.1, 0.82]	[0.01, 0.0, -0.19]	[-0.02, -0.21, -0.19]	[-0.03, -0.21, 0.01]
12	[0.1, 0.0, -1.9, 0.0, 0.0, 0.0, -1.0]	[0.1, 0.11, 0.99]	[0.11, 0.11, 0.82]	[0.08, -0.1, 0.82]	[0.01, 0.0, -0.17]	[-0.02, -0.21, -0.17]	[-0.03, -0.21, 0.01]
13	[0.06, 0.0, -1.74, 0.0, 0.0, 0.0, -1.0]	[0.11, 0.11, 0.97]	[0.11, 0.11, 0.82]	[0.08, -0.1, 0.82]	[0.0, 0.0, -0.15]	[-0.02, -0.21, -0.15]	[-0.03, -0.21, 0.01]
14	[0.03, 0.01, -1.52, 0.0, 0.0, 0.0, -1.0]	[0.11, 0.1, 0.95]	[0.11, 0.11, 0.82]	[0.08, -0.1, 0.82]	[0.0, 0.0, -0.13]	[-0.02, -0.21, -0.12]	[-0.03, -0.21, 0.01]
15	[0.02, 0.01, -1.29, 0.0, 0.0, 0.0, -1.0]	[0.11, 0.1, 0.93]	[0.11, 0.11, 0.82]	[0.08, -0.1, 0.82]	[0.0, 0.0, -0.11]	[-0.02, -0.21, -0.1]	[-0.03, -0.21, 0.01]
16	[0.02, 0.01, -1.05, 0.0, 0.0, 0.0, -1.0]	[0.11, 0.1, 0.9]	[0.11, 0.11, 0.82]	[0.08, -0.1, 0.82]	[0.0, 0.0, -0.08]	[-0.02, -0.21, -0.08]	[-0.03, -0.21, 0.01]
17	[0.02, 0.01, -0.82, 0.0, 0.0, 0.0, -1.0]	[0.11, 0.1, 0.88]	[0.11, 0.11, 0.82]	[0.08, -0.1, 0.82]	[0.0, 0.0, -0.06]	[-0.02, -0.21, -0.06]	[-0.03, -0.21, 0.01]
18	[0.03, 0.01, -0.61, 0.0, 0.0, 0.0, -1.0]	[0.11, 0.1, 0.86]	[0.11, 0.11, 0.82]	[0.08, -0.1, 0.82]	[0.0, 0.0, -0.04]	[-0.02, -0.21, -0.04]	[-0.03, -0.21, 0.01]
19	[0.03, 0.01, -0.45, 0.0, 0.0, 0.0, -1.0]	[0.11, 0.11, 0.85]	[0.11, 0.11, 0.82]	[0.08, -0.1, 0.82]	[0.0, 0.0, -0.03]	[-0.02, -0.21, -0.03]	[-0.03, -0.21, 0.01]
20	[0.03, 0.01, -0.33, 0.0, 0.0, 0.0, -1.0]	[0.11, 0.11, 0.84]	[0.11, 0.11, 0.82]	[0.08, -0.1, 0.82]	[0.0, 0.0, -0.02]	[-0.02, -0.21, -0.02]	[-0.03, -0.21, 0.01]
21	[0.03, 0.0, -0.24, 0.0, 0.0, 0.0, -1.0]	[0.11, 0.11, 0.84]	[0.11, 0.11, 0.82]	[0.08, -0.1, 0.82]	[0.0, -0.0, -0.02]	[-0.02, -0.21, -0.01]	[-0.03, -0.21, 0.01]
22	[0.03, -0.0, -0.18, 0.0, 0.0, 0.0, -1.0]	[0.11, 0.11, 0.83]	[0.11, 0.11, 0.82]	[0.08, -0.1, 0.82]	[0.0, -0.0, -0.01]	[-0.02, -0.21, -0.01]	[-0.03, -0.21, 0.01]
23	[0.02, -0.0, -0.13, 0.0, 0.0, 0.0, -1.0]	[0.11, 0.11, 0.83]	[0.11, 0.11, 0.82]	[0.08, -0.1, 0.82]	[0.0, -0.0, -0.01]	[-0.02, -0.21, -0.0]	[-0.03, -0.21, 0.01]
24	[0.02, -0.01, -0.1, 0.0, 0.0, 0.0, -1.0]	[0.11, 0.11, 0.83]	[0.11, 0.11, 0.82]	[0.08, -0.1, 0.82]	[0.0, -0.0, -0.01]	[-0.02, -0.21, -0.0]	[-0.03, -0.21, 0.01]
25	[0.0, 0.0, 0.0, 0.0, 0.0, 0.0, 1.0]	[0.11, 0.11, 0.83]	[0.11, 0.11, 0.82]	[0.08, -0.1, 0.82]	[0.0, -0.0, -0.01]	[-0.02, -0.21, -0.0]	[-0.03, -0.21, 0.01]
26	[0.0, 0.0, 0.0, 0.0, 0.0, 0.0, 1.0]	[0.11, 0.11, 0.83]	[0.11, 0.11, 0.82]	[0.08, -0.1, 0.82]	[0.0, -0.0, -0.01]	[-0.02, -0.21, -0.0]	[-0.03, -0.21, 0.01]
27	[0.0, 0.0, 0.25, 0.0, 0.0, 0.0, 1.0]	[0.11, 0.11, 0.83]	[0.11, 0.11, 0.82]	[0.08, -0.1, 0.82]	[0.0, -0.0, -0.01]	[-0.02, -0.21, -0.01]	[-0.03, -0.21, 0.0]
28	[0.0, 0.0, 0.25, 0.0, 0.0, 0.0, 1.0]	[0.11, 0.11, 0.84]	[0.11, 0.11, 0.83]	[0.08, -0.1, 0.82]	[0.0, -0.0, -0.01]	[-0.02, -0.21, -0.01]	[-0.03, -0.21, -0.0]
29	[0.0, 0.0, 0.25, 0.0, 0.0, 0.0, 1.0]	[0.11, 0.11, 0.84]	[0.11, 0.11, 0.83]	[0.08, -0.1, 0.82]	[0.0, -0.0, -0.01]	[-0.02, -0.21, -0.02]	[-0.03, -0.21, -0.01]
30	[0.0, 0.0, 0.25, 0.0, 0.0, 0.0, 1.0]	[0.11, 0.11, 0.85]	[0.11, 0.11, 0.84]	[0.08, -0.1, 0.82]	[0.0, -0.0, -0.01]	[-0.02, -0.21, -0.02]	[-0.03, -0.21, -0.01]
31	[0.0, 0.0, 0.25, 0.0, 0.0, 0.0, 1.0]	[0.11, 0.11, 0.85]	[0.11, 0.11, 0.84]	[0.08, -0.1, 0.82]	[0.0, -0.0, -0.01]	[-0.02, -0.21, -0.03]	[-0.02, -0.21, -0.02]
32	[0.0, 0.0, 0.25, 0.0, 0.0, 0.0, 1.0]	[0.11, 0.11, 0.86]	[0.11, 0.11, 0.85]	[0.08, -0.1, 0.82]	[0.0, -0.0, -0.01]	[-0.02, -0.21, -0.03]	[-0.02, -0.21, -0.02]
33	[0.0, 0.0, 0.25, 0.0, 0.0, 0.0, 1.0]	[0.11, 0.11, 0.87]	[0.11, 0.11, 0.85]	[0.08, -0.1, 0.82]	[0.0, -0.0, -0.01]	[-0.02, -0.21, -0.04]	[-0.02, -0.21, -0.03]
34	[0.0, 0.0, 0.25, 0.0, 0.0, 0.0, 1.0]	[0.11, 0.11, 0.87]	[0.11, 0.11, 0.86]	[0.08, -0.1, 0.82]	[0.0, -0.0, -0.01]	[-0.02, -0.21, -0.05]	[-0.02, -0.21, -0.04]
35	[0.0, 0.0, 0.25, 0.0, 0.0, 0.0, 1.0]	[0.11, 0.11, 0.88]	[0.11, 0.11, 0.87]	[0.08, -0.1, 0.82]	[0.0, 0.0, -0.01]	[-0.02, -0.21, -0.05]	[-0.02, -0.21, -0.04]
36	[0.0, 0.0, 0.25, 0.0, 0.0, 0.0, 1.0]	[0.11, 0.11, 0.88]	[0.11, 0.11, 0.87]	[0.08, -0.1, 0.82]	[0.0, 0.0, -0.01]	[-0.02, -0.21, -0.06]	[-0.02, -0.21, -0.05]
37	[0.0, 0.0, 0.25, 0.0, 0.0, 0.0, 1.0]	[0.11, 0.11, 0.89]	[0.11, 0.11, 0.88]	[0.08, -0.1, 0.82]	[0.0, 0.0, -0.01]	[-0.02, -0.21, -0.06]	[-0.02, -0.21, -0.05]
38	[0.0, 0.0, 0.25, 0.0, 0.0, 0.0, 1.0]	[0.11, 0.11, 0.89]	[0.11, 0.11, 0.88]	[0.08, -0.1, 0.82]	[0.0, 0.0, -0.01]	[-0.02, -0.21, -0.07]	[-0.02, -0.21, -0.06]
39	[0.0, 0.0, 0.25, 0.0, 0.0, 0.0, 1.0]	[0.11, 0.11, 0.9]	[0.11, 0.11, 0.89]	[0.08, -0.1, 0.82]	[0.0, 0.0, -0.01]	[-0.02, -0.21, -0.07]	[-0.02, -0.21, -0.06]
40	[0.0, 0.0, 0.25, 0.0, 0.0, 0.0, 1.0]	[0.11, 0.11, 0.9]	[0.11, 0.11, 0.89]	[0.08, -0.1, 0.82]	[0.0, 0.0, -0.01]	[-0.02, -0.21, -0.08]	[-0.02, -0.21, -0.07]
41	[-0.23, -2.11, 2.5, 0.0, 0.0, 0.0, 1.0]	[0.1, 0.1, 0.92]	[0.1, 0.1, 0.91]	[0.08, -0.1, 0.82]	[0.0, 0.0, -0.01]	[-0.02, -0.2, -0.1]	[-0.02, -0.2, -0.09]
42	[-0.2, -1.98, 0.0, 0.0, 0.0, 0.0, 1.0]	[0.1, 0.08, 0.93]	[0.1, 0.08, 0.92]	[0.08, -0.1, 0.82]	[0.0, 0.0, -0.01]	[-0.01, -0.18, -0.1]	[-0.02, -0.18, -0.09]
43	[-0.16, -1.8, 0.0, 0.0, 0.0, 0.0, 1.0]	[0.09, 0.06, 0.93]	[0.1, 0.06, 0.92]	[0.08, -0.1, 0.82]	[0.0, 0.0, -0.01]	[-0.01, -0.16, -0.1]	[-0.01, -0.16, -0.09]
44	[-0.12, -1.6, 0.0, 0.0, 0.0, 0.0, 1.0]	[0.09, 0.04, 0.93]	[0.09, 0.04, 0.92]	[0.08, -0.1, 0.82]	[0.0, 0.0, -0.01]	[-0.01, -0.14, -0.1]	[-0.01, -0.14, -0.09]
45	[-0.09, -1.39, 0.0, 0.0, 0.0, 0.0, 1.0]	[0.09, 0.01, 0.93]	[0.09, 0.01, 0.92]	[0.08, -0.1, 0.82]	[0.0, 0.0, -0.01]	[-0.0, -0.12, -0.1]	[-0.01, -0.12, -0.09]
46	[-0.05, -1.16, 0.0, 0.0, 0.0, 0.0, 1.0]	[0.08, -0.01, 0.93]	[0.09, -0.01, 0.92]	[0.08, -0.1, 0.82]	[0.0, 0.0, -0.01]	[-0.0, -0.09, -0.1]	[-0.0, -0.09, -0.09]
47	[-0.02, -0.94, 0.0, 0.0, 0.0, 0.0, 1.0]	[0.08, -0.03, 0.93]	[0.08, -0.03, 0.92]	[0.08, -0.1, 0.82]	[0.0, 0.0, -0.01]	[0.0, -0.07, -0.1]	[-0.0, -0.07, -0.09]
48	[-0.0, -0.72, 0.0, 0.0, 0.0, 0.0, 1.0]	[0.08, -0.05, 0.92]	[0.08, -0.05, 0.91]	[0.08, -0.1, 0.82]	[0.0, 0.0, -0.01]	[0.0, -0.05, -0.1]	[0.0, -0.05, -0.09]
49	[0.01, -0.53, 0.0, 0.0, 0.0, 0.0, 1.0]	[0.08, -0.07, 0.92]	[0.08, -0.07, 0.91]	[0.08, -0.1, 0.82]	[0.0, 0.0, -0.01]	[0.0, -0.04, -0.1]	[0.0, -0.04, -0.09]
50	[0.03, -0.37, 0.0, 0.0, 0.0, 0.0, 1.0]	[0.08, -0.08, 0.92]	[0.08, -0.08, 0.91]	[0.08, -0.1, 0.82]	[0.0, 0.0, -0.01]	[0.01, -0.02, -0.1]	[0.0, -0.02, -0.09]
51	[0.03, -0.25, 0.0, 0.0, 0.0, 0.0, 1.0]	[0.08, -0.09, 0.92]	[0.08, -0.09, 0.91]	[0.08, -0.1, 0.82]	[0.0, 0.0, -0.01]	[0.01, -0.02, -0.1]	[0.0, -0.02, -0.09]
52	[0.04, -0.16, 0.0, 0.0, 0.0, 0.0, 1.0]	[0.08, -0.09, 0.92]	[0.08, -0.09, 0.91]	[0.08, -0.1, 0.82]	[0.0, 0.0, -0.01]	[0.01, -0.01, -0.1]	[0.0, -0.01, -0.09]
53	[0.04, -0.1, 0.0, 0.0, 0.0, 0.0, 1.0]	[0.08, -0.1, 0.92]	[0.08, -0.1, 0.91]	[0.08, -0.1, 0.82]	[0.0, 0.0, -0.01]	[0.01, -0.01, -0.1]	[0.0, -0.01, -0.09]
54	[0.04, -0.06, -0.36, 0.0, 0.0, 0.0, 1.0]	[0.08, -0.1, 0.91]	[0.08, -0.1, 0.9]	[0.08, -0.1, 0.82]	[0.0, 0.0, -0.01]	[0.0, -0.0, -0.09]	[0.0, -0.0, -0.08]
55	[0.03, -0.04, -0.3, 0.0, 0.0, 0.0, 1.0]	[0.08, -0.1, 0.91]	[0.08, -0.1, 0.9]	[0.08, -0.1, 0.82]	[0.0, 0.0, -0.01]	[0.0, -0.0, -0.08]	[0.0, -0.0, -0.07]
56	[0.02, -0.02, -0.22, 0.0, 0.0, 0.0, 1.0]	[0.08, -0.1, 0.9]	[0.08, -0.1, 0.89]	[0.08, -0.1, 0.82]	[0.0, 0.0, -0.01]	[0.0, -0.0, -0.08]	[0.0, -0.0, -0.07]
57	[0.02, -0.02, -0.16, 0.0, 0.0, 0.0, 1.0]	[0.08, -0.1, 0.9]	[0.08, -0.1, 0.89]	[0.08, -0.1, 0.82]	[0.0, 0.0, -0.01]	[0.0, -0.0, -0.07]	[0.0, -0.0, -0.06]
58	[0.01, -0.01, -0.12, 0.0, 0.0, 0.0, 1.0]	[0.08, -0.1, 0.89]	[0.08, -0.1, 0.88]	[0.08, -0.1, 0.82]	[0.0, 0.0, -0.01]	[0.0, -0.0, -0.07]	[0.0, -0.0, -0.06]
59	[0.0, 0.0, 0.0, 0.0, 0.0, 0.0, -1.0]	[0.08, -0.1, 0.89]	[0.08, -0.1, 0.88]	[0.08, -0.1, 0.82]	[0.0, 0.0, -0.01]	[0.0, -0.0, -0.07]	[0.0, -0.0, -0.06]
60	[0.0, 0.0, 0.0, 0.0, 0.0, 0.0, -1.0]	[0.08, -0.1, 0.89]	[0.08, -0.1, 0.88]	[0.08, -0.1, 0.82]	[0.0, 0.0, -0.01]	[0.0, -0.0, -0.07]	[0.0, -0.0, -0.06]
61	[0.0, 0.0, 0.0, 0.0, 0.0, 0.0, -1.0]	[0.08, -0.1, 0.89]	[0.08, -0.1, 0.87]	[0.08, -0.1, 0.82]	[0.0, -0.0, -0.03]	[0.0, -0.0, -0.07]	[0.0, 0.0, -0.04]
62	[0.0, 0.0, 0.0, 0.0, 0.0, 0.0, -1.0]	[0.08, -0.1, 0.89]	[0.08, -0.1, 0.87]	[0.08, -0.1, 0.82]	[0.0, 0.0, -0.02]	[0.0, 0.0, -0.07]	[0.0, -0.0, -0.04]
63	[0.0, 0.0, 1.0, 0.0, 0.0, 0.0, -1.0]	[0.08, -0.1, 0.91]	[0.08, -0.1, 0.87]	[0.08, -0.1, 0.82]	[0.0, 0.0, -0.04]	[0.0, 0.0, -0.08]	[0.0, -0.0, -0.04]
64	[0.0, 0.0, 1.0, 0.0, 0.0, 0.0, -1.0]	[0.08, -0.1, 0.93]	[0.08, -0.1, 0.87]	[0.08, -0.1, 0.82]	[0.0, 0.0, -0.06]	[0.0, 0.0, -0.11]	[0.0, -0.0, -0.04]
65	[0.0, 0.0, 1.0, 0.0, 0.0, 0.0, -1.0]	[0.08, -0.1, 0.95]	[0.08, -0.1, 0.87]	[0.08, -0.1, 0.82]	[0.0, 0.0, -0.08]	[0.01, 0.0, -0.13]	[0.0, -0.0, -0.04]
66	[0.0, 0.0, 1.0, 0.0, 0.0, 0.0, -1.0]	[0.08, -0.1, 0.98]	[0.08, -0.1, 0.87]	[0.08, -0.1, 0.82]	[0.01, 0.0, -0.11]	[0.01, 0.0, -0.15]	[0.0, -0.0, -0.04]
67	[0.0, 0.0, 0.0, 0.0, 0.0, 0.0, -1.0]	[0.08, -0.1, 0.98]	[0.08, -0.1, 0.87]	[0.08, -0.1, 0.82]	[0.01, 0.0, -0.11]	[0.01, 0.0, -0.16]	[0.0, -0.0, -0.04]
68	[0.0, 0.0, 0.0, 0.0, 0.0, 0.0, -1.0]	[0.08, -0.1, 0.98]	[0.08, -0.1, 0.87]	[0.08, -0.1, 0.82]	[0.01, 0.0, -0.11]	[0.01, 0.0, -0.16]	[0.0, -0.0, -0.04]
69	[0.0, 0.0, 0.0, 0.0, 0.0, 0.0, -1.0]	[0.08, -0.1, 0.98]	[0.08, -0.1, 0.87]	[0.08, -0.1, 0.82]	[0.0, 0.0, -0.11]	[0.01, 0.0, -0.16]	[0.0, -0.0, -0.04]
70	[0.0, 0.0, 0.0, 0.0, 0.0, 0.0, -1.0]	[0.08, -0.1, 0.98]	[0.08, -0.1, 0.87]	[0.08, -0.1, 0.82]	[0.0, 0.0, -0.11]	[0.01, 0.0, -0.16]	[0.0, -0.0, -0.04]
71	[0.0, 0.0, 0.0, 0.0, 0.0, 0.0, -1.0]	[0.08, -0.1, 0.98]	[0.08, -0.1, 0.87]	[0.08, -0.1, 0.82]	[0.0, 0.0, -0.11]	[0.01, 0.0, -0.16]	[0.0, -0.0, -0.04]
72	[0.0, 0.0, 0.0, 0.0, 0.0, 0.0, -1.0]	[0.08, -0.1, 0.98]	[0.08, -0.1, 0.87]	[0.08, -0.1, 0.82]	[0.0, 0.0, -0.11]	[0.01, 0.0, -0.16]	[0.0, -0.0, -0.04]
73	[0.0, 0.0, 0.0, 0.0, 0.0, 0.0, -1.0]	[0.08, -0.1, 0.98]	[0.08, -0.1, 0.87]	[0.08, -0.1, 0.82]	[0.0, 0.0, -0.11]	[0.01, 0.0, -0.16]	[0.0, -0.0, -0.04]
74	[0.0, 0.0, 0.0, 0.0, 0.0, 0.0, -1.0]	[0.08, -0.1, 0.98]	[0.08, -0.1, 0.87]	[0.08, -0.1, 0.82]	[0.0, 0.0, -0.11]	[0.01, 0.0, -0.16]	[0.0, -0.0, -0.04]
75	[0.0, 0.0, 0.0, 0.0, 0.0, 0.0, -1.0]	[0.08, -0.1, 0.98]	[0.08, -0.1, 0.87]	[0.08, -0.1, 0.82]	[0.0, 0.0, -0.11]	[0.01, 0.0, -0.16]	[0.0, -0.0, -0.04]
76	[0.0, 0.0, 0.0, 0.0, 0.0, 0.0, -1.0]	[0.08, -0.1, 0.98]	[0.08, -0.1, 0.87]	[0.08, -0.1, 0.82]	[0.0, 0.0, -0.11]	[0.01, -0.0, -0.16]	[0.0, -0.0, -0.04]
77	[0.0, 0.0, 0.0, 0.0, 0.0, 0.0, -1.0]	[0.08, -0.1, 0.98]	[0.08, -0.1, 0.87]	[0.08, -0.1, 0.82]	[0.0, -0.0, -0.11]	[0.01, -0.0, -0.16]	[0.0, -0.0, -0.04]
78	[0.0, 0.0, 0.0, 0.0, 0.0, 0.0, -1.0]	[0.08, -0.1, 0.98]	[0.08, -0.1, 0.87]	[0.08, -0.1, 0.82]	[0.0, -0.0, -0.11]	[0.01, -0.0, -0.16]	[0.0, -0.0, -0.04]
79	[0.0, 0.0, 0.0, 0.0, 0.0, 0.0, -1.0]	[0.08, -0.1, 0.98]	[0.08, -0.1, 0.87]	[0.08, -0.1, 0.82]	[0.0, -0.0, -0.11]	[0.01, -0.0, -0.16]	[0.0, -0.0, -0.04]
