step	action	robot0_eef_pos	tool_pos	frame_pos	stand_pos
0	[0.0, 0.0, 0.0, 0.0, 0.11, 0.08, -1.0]	[-0.11, -0.03, 1.01]	[0.05, -0.22, 0.84]	[-0.04, -0.22, 0.84]	[-0.08, 0.0, 0.88]
1	[-0.06, -0.52, -0.15, -0.0, 0.1, 0.06, -1.0]	[-0.11, -0.03, 1.01]	[0.05, -0.22, 0.83]	[-0.04, -0.22, 0.83]	[-0.08, 0.0, 0.88]
2	[-0.09, -0.3, -0.26, -0.01, 0.09, 0.07, -1.0]	[-0.11, -0.03, 1.01]	[0.05, -0.22, 0.81]	[-0.04, -0.22, 0.81]	[-0.08, 0.0, 0.88]
3	[-0.0, -0.72, -0.24, -0.01, 0.08, 0.08, -1.0]	[-0.11, -0.03, 1.01]	[0.05, -0.22, 0.81]	[-0.04, -0.22, 0.81]	[-0.08, 0.0, 0.88]
4	[-0.01, -0.85, -0.3, -0.01, 0.07, 0.1, -1.0]	[-0.11, -0.04, 1.0]	[0.05, -0.22, 0.81]	[-0.04, -0.22, 0.81]	[-0.08, 0.0, 0.88]
5	[-0.07, -0.47, -0.36, -0.01, 0.06, 0.11, -1.0]	[-0.11, -0.04, 1.0]	[0.05, -0.22, 0.81]	[-0.04, -0.22, 0.81]	[-0.08, 0.0, 0.88]
6	[-0.05, -0.52, -0.36, -0.02, 0.06, 0.12, -1.0]	[-0.11, -0.05, 0.99]	[0.05, -0.22, 0.81]	[-0.04, -0.22, 0.81]	[-0.08, 0.0, 0.88]
7	[-0.02, -0.94, -0.21, -0.03, 0.06, 0.14, -1.0]	[-0.11, -0.06, 0.99]	[0.05, -0.22, 0.81]	[-0.04, -0.22, 0.81]	[-0.08, 0.0, 0.88]
8	[0.1, -0.76, -0.4, -0.05, 0.06, 0.17, -1.0]	[-0.11, -0.07, 0.99]	[0.05, -0.22, 0.81]	[-0.04, -0.22, 0.81]	[-0.08, 0.0, 0.88]
9	[0.11, -0.82, -0.23, -0.07, 0.06, 0.19, -1.0]	[-0.11, -0.08, 0.98]	[0.05, -0.22, 0.81]	[-0.04, -0.22, 0.81]	[-0.08, 0.0, 0.88]
10	[0.18, -0.73, -0.44, -0.08, 0.07, 0.22, -1.0]	[-0.11, -0.09, 0.98]	[0.05, -0.22, 0.81]	[-0.04, -0.22, 0.81]	[-0.08, 0.0, 0.88]
11	[0.06, -0.93, -0.37, -0.08, 0.08, 0.25, -1.0]	[-0.11, -0.1, 0.97]	[0.05, -0.22, 0.81]	[-0.04, -0.22, 0.81]	[-0.08, 0.0, 0.88]
12	[0.16, -0.61, -0.48, -0.1, 0.08, 0.28, -1.0]	[-0.11, -0.11, 0.97]	[0.05, -0.22, 0.81]	[-0.04, -0.22, 0.81]	[-0.08, 0.0, 0.88]
13	[-0.14, -0.68, -0.37, -0.09, 0.07, 0.3, -1.0]	[-0.11, -0.12, 0.96]	[0.05, -0.22, 0.81]	[-0.04, -0.22, 0.81]	[-0.08, 0.0, 0.88]
14	[-0.01, -0.39, -0.6, -0.07, 0.06, 0.32, -1.0]	[-0.11, -0.13, 0.96]	[0.05, -0.22, 0.81]	[-0.04, -0.22, 0.81]	[-0.08, 0.0, 0.88]
15	[-0.12, -0.48, -0.4, -0.08, 0.06, 0.35, -1.0]	[-0.11, -0.14, 0.95]	[0.05, -0.22, 0.81]	[-0.04, -0.22, 0.81]	[-0.08, 0.0, 0.88]
16	[0.08, -0.28, -0.29, -0.07, 0.07, 0.37, -1.0]	[-0.11, -0.14, 0.94]	[0.05, -0.22, 0.81]	[-0.04, -0.22, 0.81]	[-0.08, 0.0, 0.88]
17	[0.06, -0.67, -0.5, -0.06, 0.07, 0.41, -1.0]	[-0.11, -0.15, 0.94]	[0.05, -0.22, 0.81]	[-0.04, -0.22, 0.81]	[-0.08, 0.0, 0.88]
18	[0.18, -0.28, -0.54, -0.03, 0.08, 0.42, -1.0]	[-0.11, -0.16, 0.93]	[0.05, -0.22, 0.81]	[-0.04, -0.22, 0.81]	[-0.08, 0.0, 0.88]
19	[-0.09, -0.58, -0.36, -0.02, 0.09, 0.44, -1.0]	[-0.11, -0.16, 0.93]	[0.05, -0.22, 0.81]	[-0.04, -0.22, 0.81]	[-0.08, 0.0, 0.88]
20	[0.1, -0.18, -0.56, -0.0, 0.08, 0.44, -1.0]	[-0.11, -0.17, 0.92]	[0.05, -0.22, 0.81]	[-0.04, -0.22, 0.81]	[-0.08, 0.0, 0.88]
21	[-0.39, -0.44, -0.26, 0.01, 0.08, 0.42, -1.0]	[-0.11, -0.17, 0.91]	[0.05, -0.22, 0.81]	[-0.04, -0.22, 0.81]	[-0.08, 0.0, 0.88]
22	[-0.07, -0.07, -0.26, 0.01, 0.08, 0.41, -1.0]	[-0.11, -0.17, 0.91]	[0.05, -0.22, 0.81]	[-0.04, -0.22, 0.81]	[-0.08, 0.0, 0.88]
23	[-0.51, -0.68, -0.11, 0.01, 0.09, 0.4, -1.0]	[-0.11, -0.18, 0.91]	[0.05, -0.22, 0.81]	[-0.04, -0.22, 0.81]	[-0.08, 0.0, 0.88]
24	[-0.03, -0.03, 0.04, -0.01, 0.09, 0.4, -1.0]	[-0.11, -0.18, 0.9]	[0.05, -0.22, 0.81]	[-0.04, -0.22, 0.81]	[-0.08, 0.0, 0.88]
25	[-0.14, -0.52, 0.1, -0.02, 0.1, 0.4, -1.0]	[-0.12, -0.18, 0.9]	[0.05, -0.22, 0.81]	[-0.04, -0.22, 0.81]	[-0.08, 0.0, 0.88]
26	[0.26, -0.02, 0.11, -0.02, 0.11, 0.4, -1.0]	[-0.12, -0.19, 0.9]	[0.05, -0.22, 0.81]	[-0.04, -0.22, 0.81]	[-0.08, 0.0, 0.88]
27	[0.06, -0.42, -0.06, -0.02, 0.12, 0.39, -1.0]	[-0.12, -0.19, 0.9]	[0.05, -0.22, 0.81]	[-0.04, -0.22, 0.81]	[-0.08, 0.0, 0.88]
28	[0.25, 0.04, -0.01, -0.02, 0.12, 0.38, -1.0]	[-0.12, -0.2, 0.9]	[0.05, -0.22, 0.81]	[-0.04, -0.22, 0.81]	[-0.08, 0.0, 0.88]
29	[-0.0, -0.32, -0.16, -0.02, 0.11, 0.36, -1.0]	[-0.12, -0.2, 0.9]	[0.05, -0.22, 0.81]	[-0.04, -0.22, 0.81]	[-0.08, 0.0, 0.88]
30	[-0.0, 0.09, -0.1, -0.01, 0.1, 0.33, -1.0]	[-0.12, -0.2, 0.9]	[0.05, -0.22, 0.81]	[-0.04, -0.22, 0.81]	[-0.08, 0.0, 0.88]
31	[-0.25, -0.43, -0.27, -0.01, 0.09, 0.29, -1.0]	[-0.12, -0.21, 0.9]	[0.05, -0.22, 0.81]	[-0.04, -0.22, 0.81]	[-0.08, 0.0, 0.88]
32	[-0.01, 0.03, -0.22, -0.0, 0.07, 0.26, -1.0]	[-0.12, -0.21, 0.9]	[0.05, -0.22, 0.81]	[-0.04, -0.22, 0.81]	[-0.08, 0.0, 0.88]
33	[-0.06, -0.21, -0.25, 0.01, 0.06, 0.24, -1.0]	[-0.12, -0.21, 0.9]	[0.05, -0.22, 0.81]	[-0.04, -0.22, 0.81]	[-0.08, 0.0, 0.88]
34	[0.18, 0.02, -0.24, 0.01, 0.04, 0.22, -1.0]	[-0.12, -0.21, 0.89]	[0.05, -0.22, 0.81]	[-0.04, -0.22, 0.81]	[-0.08, 0.0, 0.88]
35	[0.31, -0.09, -0.26, 0.01, 0.04, 0.2, -1.0]	[-0.12, -0.21, 0.89]	[0.05, -0.22, 0.81]	[-0.04, -0.22, 0.81]	[-0.08, 0.0, 0.88]
36	[0.48, 0.15, -0.17, 0.01, 0.04, 0.19, -1.0]	[-0.11, -0.21, 0.89]	[0.05, -0.22, 0.81]	[-0.04, -0.22, 0.81]	[-0.08, 0.0, 0.88]
37	[0.5, 0.14, -0.17, 0.0, 0.03, 0.17, -1.0]	[-0.11, -0.21, 0.88]	[0.05, -0.22, 0.81]	[-0.04, -0.22, 0.81]	[-0.08, 0.0, 0.88]
38	[0.36, 0.23, -0.24, 0.0, 0.03, 0.15, -1.0]	[-0.11, -0.21, 0.88]	[0.05, -0.22, 0.81]	[-0.04, -0.22, 0.81]	[-0.08, 0.0, 0.88]
39	[0.25, 0.27, -0.34, 0.01, 0.02, 0.12, -1.0]	[-0.1, -0.21, 0.88]	[0.05, -0.22, 0.81]	[-0.04, -0.22, 0.81]	[-0.08, 0.0, 0.88]
40	[0.21, 0.23, -0.41, 0.01, 0.01, 0.1, -1.0]	[-0.1, -0.21, 0.87]	[0.05, -0.22, 0.81]	[-0.04, -0.22, 0.81]	[-0.08, 0.0, 0.88]
41	[0.18, 0.15, -0.39, 0.02, 0.01, 0.09, -1.0]	[-0.09, -0.2, 0.87]	[0.05, -0.22, 0.81]	[-0.04, -0.22, 0.81]	[-0.08, 0.0, 0.88]
42	[0.11, 0.06, -0.38, 0.03, 0.01, 0.07, -1.0]	[-0.09, -0.2, 0.86]	[0.05, -0.22, 0.81]	[-0.04, -0.22, 0.81]	[-0.08, 0.0, 0.88]
43	[-0.01, -0.07, -0.25, 0.04, 0.01, 0.06, -1.0]	[-0.09, -0.2, 0.86]	[0.05, -0.22, 0.81]	[-0.04, -0.22, 0.81]	[-0.08, 0.0, 0.88]
44	[0.09, -0.07, -0.16, 0.04, 0.0, 0.06, -1.0]	[-0.09, -0.2, 0.85]	[0.05, -0.22, 0.81]	[-0.04, -0.22, 0.81]	[-0.08, 0.0, 0.88]
45	[0.0, -0.21, -0.14, 0.04, 0.0, 0.05, -1.0]	[-0.09, -0.2, 0.85]	[0.05, -0.22, 0.81]	[-0.04, -0.22, 0.81]	[-0.08, 0.0, 0.88]
46	[0.08, -0.16, -0.14, 0.04, 0.01, 0.05, -1.0]	[-0.09, -0.2, 0.85]	[0.05, -0.22, 0.81]	[-0.04, -0.22, 0.81]	[-0.08, 0.0, 0.88]
47	[-0.06, -0.24, -0.2, 0.04, 0.01, 0.05, -1.0]	[-0.08, -0.2, 0.85]	[0.05, -0.22, 0.81]	[-0.04, -0.22, 0.81]	[-0.08, 0.0, 0.88]
48	[-0.08, -0.22, -0.12, 0.04, 0.01, 0.05, -1.0]	[-0.08, -0.2, 0.84]	[0.05, -0.22, 0.81]	[-0.04, -0.22, 0.81]	[-0.08, 0.0, 0.88]
49	[-0.15, -0.23, -0.14, 0.03, 0.0, 0.04, -1.0]	[-0.09, -0.2, 0.84]	[0.05, -0.22, 0.81]	[-0.04, -0.22, 0.81]	[-0.08, 0.0, 0.88]
50	[-0.07, -0.16, -0.16, 0.03, -0.0, 0.03, -1.0]	[-0.09, -0.21, 0.84]	[0.05, -0.22, 0.81]	[-0.04, -0.22, 0.81]	[-0.08, 0.0, 0.88]
51	[-0.09, -0.21, -0.25, 0.03, -0.01, 0.03, -1.0]	[-0.09, -0.21, 0.84]	[0.05, -0.22, 0.81]	[-0.04, -0.22, 0.81]	[-0.08, 0.0, 0.88]
52	[-0.02, -0.16, -0.25, 0.03, -0.01, 0.03, -1.0]	[-0.09, -0.21, 0.84]	[0.05, -0.22, 0.81]	[-0.04, -0.22, 0.81]	[-0.08, 0.0, 0.88]
53	[-0.1, -0.19, -0.19, 0.03, -0.01, 0.02, -1.0]	[-0.09, -0.21, 0.83]	[0.05, -0.22, 0.81]	[-0.04, -0.22, 0.81]	[-0.08, 0.0, 0.88]
54	[-0.14, -0.15, -0.14, 0.02, -0.01, 0.01, -1.0]	[-0.09, -0.22, 0.83]	[0.05, -0.22, 0.81]	[-0.04, -0.22, 0.81]	[-0.08, 0.0, 0.88]
55	[-0.07, -0.2, -0.08, 0.02, -0.02, 0.01, -1.0]	[-0.09, -0.22, 0.83]	[0.05, -0.22, 0.81]	[-0.04, -0.22, 0.81]	[-0.08, 0.0, 0.88]
56	[-0.09, -0.15, -0.04, 0.01, -0.02, 0.01, -1.0]	[-0.09, -0.22, 0.83]	[0.05, -0.22, 0.81]	[-0.04, -0.22, 0.81]	[-0.08, 0.0, 0.88]
57	[-0.03, -0.1, -0.06, 0.01, -0.02, 0.01, -1.0]	[-0.09, -0.22, 0.83]	[0.05, -0.22, 0.81]	[-0.04, -0.22, 0.81]	[-0.08, 0.0, 0.88]
58	[-0.1, -0.11, -0.13, 0.01, -0.02, 0.01, -1.0]	[-0.09, -0.23, 0.82]	[0.05, -0.22, 0.81]	[-0.04, -0.22, 0.81]	[-0.08, 0.0, 0.88]
59	[-0.12, -0.16, -0.3, 0.01, -0.02, 0.0, -1.0]	[-0.09, -0.23, 0.82]	[0.05, -0.22, 0.81]	[-0.04, -0.22, 0.81]	[-0.08, 0.0, 0.88]
60	[-0.08, -0.06, -0.25, 0.01, -0.02, 0.0, -1.0]	[-0.1, -0.23, 0.82]	[0.05, -0.22, 0.81]	[-0.04, -0.22, 0.81]	[-0.08, 0.0, 0.88]
61	[-0.13, -0.2, -0.42, 0.01, -0.02, -0.0, -1.0]	[-0.1, -0.23, 0.82]	[0.05, -0.22, 0.81]	[-0.04, -0.22, 0.81]	[-0.08, 0.0, 0.88]
62	[-0.08, -0.04, -0.2, 0.02, -0.02, -0.0, -1.0]	[-0.1, -0.23, 0.81]	[0.05, -0.22, 0.81]	[-0.04, -0.22, 0.81]	[-0.08, 0.0, 0.88]
63	[-0.05, -0.14, -0.14, 0.01, -0.02, -0.01, -1.0]	[-0.1, -0.23, 0.81]	[0.05, -0.22, 0.81]	[-0.04, -0.22, 0.81]	[-0.08, 0.0, 0.88]
64	[-0.04, -0.03, -0.03, 0.0, -0.01, -0.01, -1.0]	[-0.1, -0.24, 0.81]	[0.05, -0.22, 0.81]	[-0.04, -0.22, 0.81]	[-0.08, 0.0, 0.88]
65	[-0.06, -0.05, 0.01, 0.0, -0.01, -0.01, -1.0]	[-0.1, -0.24, 0.81]	[0.05, -0.22, 0.81]	[-0.04, -0.22, 0.81]	[-0.08, 0.0, 0.88]
66	[-0.07, -0.03, -0.01, 0.0, -0.01, -0.01, -1.0]	[-0.1, -0.24, 0.81]	[0.05, -0.22, 0.81]	[-0.04, -0.22, 0.81]	[-0.08, 0.0, 0.88]
67	[-0.09, -0.06, -0.12, 0.0, -0.01, -0.01, -1.0]	[-0.1, -0.24, 0.81]	[0.05, -0.22, 0.81]	[-0.04, -0.22, 0.81]	[-0.08, 0.0, 0.88]
68	[-0.08, 0.04, -0.01, 0.0, -0.01, -0.01, -1.0]	[-0.1, -0.24, 0.81]	[0.05, -0.22, 0.81]	[-0.04, -0.22, 0.81]	[-0.08, 0.0, 0.88]
69	[-0.05, 0.01, -0.14, 0.0, -0.01, -0.02, 1.0]	[-0.1, -0.24, 0.81]	[0.05, -0.22, 0.81]	[-0.04, -0.22, 0.81]	[-0.08, 0.0, 0.88]
70	[0.01, 0.07, -0.07, -0.0, -0.01, -0.02, 1.0]	[-0.1, -0.24, 0.81]	[0.05, -0.22, 0.81]	[-0.04, -0.22, 0.81]	[-0.08, 0.0, 0.88]
71	[-0.01, 0.09, -0.16, 0.01, -0.0, -0.02, 1.0]	[-0.1, -0.24, 0.81]	[0.05, -0.22, 0.81]	[-0.04, -0.22, 0.81]	[-0.08, 0.0, 0.88]
72	[-0.05, 0.12, -0.1, 0.01, -0.0, -0.02, 1.0]	[-0.1, -0.24, 0.81]	[0.05, -0.22, 0.81]	[-0.04, -0.22, 0.81]	[-0.08, 0.0, 0.88]
73	[-0.11, 0.05, -0.17, 0.01, -0.01, -0.02, 1.0]	[-0.09, -0.24, 0.81]	[0.05, -0.22, 0.81]	[-0.04, -0.22, 0.81]	[-0.08, 0.0, 0.88]
74	[-0.06, 0.08, -0.09, 0.02, -0.01, -0.02, 1.0]	[-0.09, -0.24, 0.81]	[0.05, -0.22, 0.81]	[-0.04, -0.22, 0.81]	[-0.08, 0.0, 0.88]
75	[0.02, -0.01, 0.05, 0.01, -0.01, -0.02, 1.0]	[-0.09, -0.24, 0.81]	[0.05, -0.22, 0.81]	[-0.04, -0.22, 0.81]	[-0.08, 0.0, 0.88]
76	[0.05, 0.02, 0.04, 0.01, -0.01, -0.01, 1.0]	[-0.09, -0.24, 0.81]	[0.05, -0.22, 0.81]	[-0.04, -0.22, 0.81]	[-0.08, 0.0, 0.88]
77	[0.1, -0.08, 0.11, 0.0, -0.0, -0.01, 1.0]	[-0.09, -0.24, 0.81]	[0.05, -0.22, 0.81]	[-0.04, -0.23, 0.81]	[-0.08, 0.0, 0.88]
78	[-0.0, 0.01, -0.01, 0.0, -0.0, -0.0, 1.0]	[-0.09, -0.24, 0.81]	[0.05, -0.22, 0.81]	[-0.04, -0.23, 0.81]	[-0.08, 0.0, 0.88]
79	[-0.04, 0.06, 0.01, 0.0, -0.0, -0.01, 1.0]	[-0.09, -0.24, 0.81]	[0.05, -0.22, 0.81]	[-0.03, -0.23, 0.81]	[-0.08, 0.0, 0.88]
80	[-0.02, 0.1, 0.05, -0.0, -0.0, -0.01, 1.0]	[-0.09, -0.24, 0.81]	[0.05, -0.22, 0.81]	[-0.04, -0.22, 0.81]	[-0.08, 0.0, 0.88]
81	[0.12, 0.07, 0.12, -0.0, -0.0, -0.01, 1.0]	[-0.09, -0.24, 0.81]	[0.05, -0.22, 0.81]	[-0.04, -0.22, 0.81]	[-0.08, 0.0, 0.88]
82	[0.07, 0.19, 0.19, -0.0, 0.0, -0.01, 1.0]	[-0.09, -0.24, 0.81]	[0.05, -0.22, 0.81]	[-0.03, -0.22, 0.82]	[-0.08, 0.0, 0.88]
83	[0.16, 0.19, 0.34, -0.01, 0.01, -0.02, 1.0]	[-0.09, -0.24, 0.82]	[0.05, -0.22, 0.81]	[-0.03, -0.22, 0.82]	[-0.08, 0.0, 0.88]
84	[0.12, 0.31, 0.38, -0.02, 0.01, -0.02, 1.0]	[-0.09, -0.24, 0.82]	[0.05, -0.22, 0.81]	[-0.03, -0.22, 0.82]	[-0.08, 0.0, 0.88]
85	[0.19, 0.23, 0.54, -0.03, 0.02, -0.03, 1.0]	[-0.09, -0.23, 0.82]	[0.05, -0.22, 0.81]	[-0.03, -0.22, 0.83]	[-0.08, 0.0, 0.88]
86	[0.19, 0.4, 0.69, -0.04, 0.03, -0.04, 1.0]	[-0.09, -0.23, 0.83]	[0.05, -0.22, 0.81]	[-0.03, -0.22, 0.83]	[-0.08, 0.0, 0.88]
87	[0.37, 0.38, 0.83, -0.05, 0.04, -0.05, 1.0]	[-0.09, -0.23, 0.84]	[0.05, -0.22, 0.81]	[-0.03, -0.21, 0.84]	[-0.08, 0.0, 0.88]
88	[0.3, 0.49, 0.88, -0.06, 0.05, -0.06, 1.0]	[-0.09, -0.23, 0.85]	[0.05, -0.22, 0.81]	[-0.03, -0.21, 0.85]	[-0.08, 0.0, 0.88]
89	[0.32, 0.47, 0.85, -0.07, 0.06, -0.08, 1.0]	[-0.08, -0.22, 0.86]	[0.05, -0.22, 0.81]	[-0.03, -0.21, 0.86]	[-0.08, 0.0, 0.88]
90	[0.25, 0.62, 0.83, -0.09, 0.06, -0.1, 1.0]	[-0.08, -0.22, 0.87]	[0.05, -0.22, 0.81]	[-0.02, -0.21, 0.87]	[-0.08, 0.0, 0.88]
91	[0.37, 0.56, 0.81, -0.09, 0.07, -0.12, 1.0]	[-0.08, -0.22, 0.88]	[0.05, -0.22, 0.81]	[-0.02, -0.2, 0.88]	[-0.08, 0.0, 0.88]
92	[0.48, 0.55, 0.73, -0.08, 0.09, -0.12, 1.0]	[-0.08, -0.21, 0.89]	[0.05, -0.22, 0.81]	[-0.02, -0.2, 0.89]	[-0.08, 0.0, 0.88]
93	[0.52, 0.44, 0.63, -0.08, 0.1, -0.13, 1.0]	[-0.07, -0.2, 0.9]	[0.05, -0.22, 0.81]	[-0.01, -0.19, 0.9]	[-0.08, 0.0, 0.88]
94	[0.47, 0.56, 0.54, -0.07, 0.11, -0.14, 1.0]	[-0.07, -0.2, 0.91]	[0.05, -0.22, 0.81]	[-0.01, -0.18, 0.91]	[-0.08, 0.0, 0.88]
95	[0.42, 0.51, 0.45, -0.07, 0.11, -0.15, 1.0]	[-0.06, -0.19, 0.92]	[0.05, -0.22, 0.81]	[-0.01, -0.18, 0.92]	[-0.08, 0.0, 0.88]
96	[0.44, 0.6, 0.37, -0.07, 0.1, -0.15, 1.0]	[-0.06, -0.18, 0.92]	[0.05, -0.22, 0.81]	[-0.0, -0.17, 0.92]	[-0.08, 0.0, 0.88]
97	[0.39, 0.49, 0.32, -0.07, 0.1, -0.16, 1.0]	[-0.06, -0.17, 0.93]	[0.05, -0.22, 0.81]	[0.0, -0.16, 0.92]	[-0.08, 0.0, 0.88]
98	[0.16, 0.74, 0.29, -0.06, 0.09, -0.18, 1.0]	[-0.05, -0.17, 0.93]	[0.05, -0.22, 0.81]	[0.01, -0.16, 0.93]	[-0.08, 0.0, 0.88]
99	[0.1, 0.58, 0.33, -0.06, 0.08, -0.19, 1.0]	[-0.05, -0.16, 0.94]	[0.05, -0.22, 0.81]	[0.01, -0.15, 0.93]	[-0.08, 0.0, 0.88]
100	[0.06, 0.86, 0.42, -0.05, 0.08, -0.21, 1.0]	[-0.05, -0.15, 0.94]	[0.05, -0.22, 0.81]	[0.01, -0.14, 0.93]	[-0.08, 0.0, 0.88]
101	[0.04, 0.6, 0.33, -0.06, 0.07, -0.21, 1.0]	[-0.04, -0.14, 0.94]	[0.05, -0.22, 0.81]	[0.01, -0.13, 0.94]	[-0.08, 0.0, 0.88]
102	[0.06, 0.84, 0.39, -0.08, 0.07, -0.21, 1.0]	[-0.04, -0.13, 0.95]	[0.05, -0.22, 0.81]	[0.02, -0.13, 0.94]	[-0.08, 0.0, 0.88]
103	[0.1, 0.64, 0.22, -0.09, 0.06, -0.2, 1.0]	[-0.04, -0.12, 0.95]	[0.05, -0.22, 0.81]	[0.02, -0.12, 0.95]	[-0.08, 0.0, 0.88]
104	[0.0, 0.76, 0.12, -0.09, 0.06, -0.2, 1.0]	[-0.04, -0.11, 0.96]	[0.05, -0.22, 0.81]	[0.02, -0.11, 0.95]	[-0.08, 0.0, 0.88]
105	[0.03, 0.6, 0.13, -0.07, 0.06, -0.2, 1.0]	[-0.04, -0.1, 0.96]	[0.05, -0.22, 0.81]	[0.02, -0.1, 0.95]	[-0.08, 0.0, 0.88]
106	[-0.0, 0.75, 0.1, -0.05, 0.07, -0.2, 1.0]	[-0.04, -0.09, 0.96]	[0.05, -0.22, 0.81]	[0.02, -0.09, 0.95]	[-0.08, 0.0, 0.88]
107	[-0.03, 0.55, 0.19, -0.04, 0.07, -0.2, 1.0]	[-0.04, -0.08, 0.96]	[0.05, -0.22, 0.81]	[0.02, -0.08, 0.96]	[-0.08, 0.0, 0.88]
108	[-0.16, 0.96, 0.23, -0.05, 0.06, -0.21, 1.0]	[-0.04, -0.07, 0.97]	[0.05, -0.22, 0.81]	[0.02, -0.08, 0.96]	[-0.08, 0.0, 0.88]
109	[-0.19, 0.86, 0.36, -0.04, 0.07, -0.22, 1.0]	[-0.04, -0.06, 0.97]	[0.05, -0.22, 0.81]	[0.01, -0.07, 0.96]	[-0.08, 0.0, 0.88]
110	[-0.1, 0.95, 0.31, -0.02, 0.1, -0.25, 1.0]	[-0.05, -0.05, 0.97]	[0.05, -0.22, 0.81]	[0.01, -0.06, 0.96]	[-0.08, 0.0, 0.88]
111	[-0.08, 0.69, 0.42, -0.0, 0.12, -0.27, 1.0]	[-0.05, -0.04, 0.98]	[0.05, -0.22, 0.81]	[0.01, -0.05, 0.97]	[-0.08, 0.0, 0.88]
112	[0.01, 1.0, 0.42, -0.0, 0.15, -0.3, 1.0]	[-0.05, -0.03, 0.98]	[0.05, -0.22, 0.81]	[0.01, -0.04, 0.97]	[-0.08, 0.0, 0.88]
113	[0.05, 0.82, 0.48, -0.0, 0.17, -0.32, 1.0]	[-0.05, -0.02, 0.99]	[0.05, -0.22, 0.81]	[0.0, -0.03, 0.97]	[-0.08, 0.0, 0.88]
114	[0.16, 0.93, 0.46, -0.0, 0.2, -0.35, 1.0]	[-0.06, -0.0, 0.99]	[0.05, -0.22, 0.81]	[0.0, -0.02, 0.98]	[-0.08, 0.0, 0.88]
115	[0.18, 0.75, 0.5, -0.0, 0.22, -0.37, 1.0]	[-0.06, 0.01, 1.0]	[0.05, -0.22, 0.81]	[-0.0, -0.01, 0.98]	[-0.08, 0.0, 0.88]
116	[0.19, 0.78, 0.29, -0.0, 0.23, -0.38, 1.0]	[-0.06, 0.02, 1.0]	[0.05, -0.22, 0.81]	[-0.0, 0.0, 0.99]	[-0.08, 0.0, 0.88]
117	[0.3, 0.49, 0.16, -0.02, 0.24, -0.38, 1.0]	[-0.06, 0.03, 1.01]	[0.05, -0.22, 0.81]	[-0.0, 0.01, 0.99]	[-0.08, 0.0, 0.88]
118	[0.14, 0.76, 0.0, -0.03, 0.23, -0.37, 1.0]	[-0.06, 0.04, 1.01]	[0.05, -0.22, 0.81]	[-0.01, 0.02, 0.99]	[-0.08, 0.0, 0.88]
119	[0.25, 0.31, 0.1, -0.05, 0.22, -0.37, 1.0]	[-0.06, 0.05, 1.01]	[0.05, -0.22, 0.81]	[-0.01, 0.02, 0.99]	[-0.08, 0.0, 0.88]
120	[0.23, 1.0, -0.05, -0.1, 0.21, -0.36, 1.0]	[-0.06, 0.05, 1.01]	[0.05, -0.22, 0.81]	[-0.01, 0.03, 0.99]	[-0.08, 0.0, 0.88]
121	[0.3, 0.88, 0.09, -0.14, 0.21, -0.35, 1.0]	[-0.05, 0.06, 1.01]	[0.05, -0.22, 0.81]	[-0.01, 0.03, 0.99]	[-0.08, 0.0, 0.88]
122	[0.12, 0.44, -0.01, -0.13, 0.2, -0.32, 1.0]	[-0.05, 0.07, 1.01]	[0.05, -0.22, 0.81]	[-0.01, 0.04, 0.99]	[-0.08, 0.0, 0.88]
123	[0.11, -0.2, -0.12, -0.09, 0.19, -0.29, 1.0]	[-0.05, 0.08, 1.01]	[0.05, -0.22, 0.81]	[-0.01, 0.05, 0.99]	[-0.08, 0.0, 0.88]
124	[-0.04, 0.08, -0.04, -0.06, 0.17, -0.25, 1.0]	[-0.05, 0.08, 1.01]	[0.05, -0.22, 0.81]	[-0.01, 0.05, 0.99]	[-0.08, 0.0, 0.88]
125	[-0.52, -1.0, -0.28, -0.04, 0.15, -0.21, 1.0]	[-0.05, 0.08, 1.01]	[0.05, -0.22, 0.81]	[-0.01, 0.05, 0.99]	[-0.08, 0.0, 0.88]
126	[0.21, 0.24, 0.13, -0.05, 0.18, -0.2, 1.0]	[-0.05, 0.08, 1.01]	[0.05, -0.22, 0.81]	[-0.01, 0.04, 0.98]	[-0.08, 0.0, 0.88]
127	[-0.2, -0.9, -0.03, -0.04, 0.21, -0.21, 1.0]	[-0.05, 0.08, 1.01]	[0.05, -0.22, 0.81]	[-0.01, 0.04, 0.98]	[-0.08, 0.0, 0.88]
128	[-0.26, 0.07, -0.19, -0.04, 0.2, -0.19, 1.0]	[-0.05, 0.07, 1.01]	[0.05, -0.22, 0.81]	[-0.01, 0.03, 0.98]	[-0.08, 0.0, 0.88]
129	[-0.23, -0.31, -0.22, -0.05, 0.2, -0.17, 1.0]	[-0.05, 0.07, 1.01]	[0.05, -0.22, 0.81]	[-0.01, 0.03, 0.98]	[-0.08, 0.0, 0.88]
130	[-0.18, 0.01, -0.07, -0.04, 0.2, -0.15, 1.0]	[-0.05, 0.06, 1.01]	[0.05, -0.22, 0.81]	[-0.02, 0.02, 0.98]	[-0.08, 0.0, 0.88]
131	[-0.26, -0.4, -0.09, -0.03, 0.19, -0.12, 1.0]	[-0.05, 0.06, 1.0]	[0.05, -0.22, 0.81]	[-0.02, 0.02, 0.97]	[-0.08, 0.0, 0.88]
132	[-0.08, 0.08, 0.06, -0.04, 0.19, -0.09, 1.0]	[-0.06, 0.06, 1.0]	[0.05, -0.22, 0.81]	[-0.03, 0.02, 0.97]	[-0.08, 0.0, 0.88]
133	[-0.15, -0.65, 0.28, -0.05, 0.19, -0.06, 1.0]	[-0.06, 0.06, 1.0]	[0.05, -0.22, 0.81]	[-0.03, 0.02, 0.97]	[-0.08, 0.0, 0.88]
134	[0.13, 0.05, 0.29, -0.04, 0.2, -0.03, 1.0]	[-0.06, 0.05, 1.0]	[0.05, -0.22, 0.81]	[-0.03, 0.01, 0.97]	[-0.08, 0.0, 0.88]
135	[-0.17, -0.59, 0.46, -0.04, 0.21, -0.01, 1.0]	[-0.06, 0.05, 1.01]	[0.05, -0.22, 0.81]	[-0.03, 0.01, 0.98]	[-0.08, 0.0, 0.88]
136	[0.16, 0.1, 0.33, -0.03, 0.23, 0.01, 1.0]	[-0.06, 0.05, 1.01]	[0.05, -0.22, 0.81]	[-0.03, 0.0, 0.98]	[-0.08, 0.0, 0.88]
137	[-0.06, -0.43, 0.33, -0.02, 0.24, 0.02, 1.0]	[-0.06, 0.04, 1.02]	[0.05, -0.22, 0.81]	[-0.04, 0.0, 0.99]	[-0.08, 0.0, 0.88]
138	[0.0, 0.2, 0.21, -0.02, 0.24, 0.03, 1.0]	[-0.06, 0.04, 1.02]	[0.05, -0.22, 0.81]	[-0.04, -0.0, 0.99]	[-0.08, 0.0, 0.88]
139	[-0.32, -0.28, 0.45, -0.02, 0.22, 0.04, 1.0]	[-0.06, 0.04, 1.03]	[0.05, -0.22, 0.81]	[-0.04, -0.0, 0.99]	[-0.08, 0.0, 0.88]
140	[-0.06, 0.26, 0.2, -0.02, 0.21, 0.04, 1.0]	[-0.07, 0.04, 1.03]	[0.05, -0.22, 0.81]	[-0.04, -0.01, 1.0]	[-0.08, 0.0, 0.88]
141	[-0.41, -0.05, 0.51, -0.03, 0.21, 0.04, 1.0]	[-0.07, 0.04, 1.03]	[0.05, -0.22, 0.81]	[-0.04, -0.0, 1.0]	[-0.08, 0.0, 0.88]
142	[0.04, 0.21, 0.34, -0.02, 0.2, 0.05, 1.0]	[-0.07, 0.04, 1.04]	[0.05, -0.22, 0.81]	[-0.05, -0.0, 1.0]	[-0.08, 0.0, 0.88]
143	[-0.3, -0.16, 0.51, -0.02, 0.2, 0.05, 1.0]	[-0.07, 0.04, 1.04]	[0.05, -0.22, 0.81]	[-0.05, -0.0, 1.01]	[-0.08, 0.0, 0.88]
144	[0.06, 0.12, 0.35, -0.01, 0.19, 0.05, 1.0]	[-0.07, 0.04, 1.05]	[0.05, -0.22, 0.81]	[-0.05, -0.0, 1.01]	[-0.08, 0.0, 0.88]
145	[-0.07, -0.02, 0.3, -0.01, 0.19, 0.05, 1.0]	[-0.07, 0.04, 1.06]	[0.05, -0.22, 0.81]	[-0.05, -0.0, 1.02]	[-0.08, 0.0, 0.88]
146	[0.1, 0.11, 0.29, -0.01, 0.18, 0.05, 1.0]	[-0.08, 0.04, 1.06]	[0.05, -0.22, 0.81]	[-0.05, -0.0, 1.02]	[-0.08, 0.0, 0.88]
147	[-0.03, 0.03, 0.42, -0.0, 0.19, 0.05, 1.0]	[-0.08, 0.04, 1.06]	[0.05, -0.22, 0.81]	[-0.06, -0.0, 1.03]	[-0.08, 0.0, 0.88]
148	[0.14, 0.16, 0.21, 0.0, 0.18, 0.04, 1.0]	[-0.08, 0.04, 1.07]	[0.05, -0.22, 0.81]	[-0.06, -0.0, 1.03]	[-0.08, 0.0, 0.88]
149	[-0.05, 0.11, 0.49, 0.0, 0.18, 0.04, 1.0]	[-0.08, 0.04, 1.07]	[0.05, -0.22, 0.81]	[-0.06, 0.0, 1.03]	[-0.08, 0.0, 0.88]
150	[0.06, 0.21, 0.21, -0.0, 0.17, 0.03, 1.0]	[-0.08, 0.05, 1.08]	[0.05, -0.22, 0.81]	[-0.06, 0.0, 1.04]	[-0.08, 0.0, 0.88]
151	[-0.14, 0.16, 0.42, -0.01, 0.15, 0.02, 1.0]	[-0.08, 0.05, 1.08]	[0.05, -0.22, 0.81]	[-0.06, 0.0, 1.04]	[-0.08, 0.0, 0.88]
152	[0.16, 0.15, 0.27, -0.02, 0.15, 0.01, 1.0]	[-0.08, 0.05, 1.09]	[0.05, -0.22, 0.81]	[-0.06, 0.01, 1.05]	[-0.08, 0.0, 0.88]
153	[-0.0, -0.0, 0.43, -0.02, 0.14, 0.01, 1.0]	[-0.08, 0.05, 1.09]	[0.05, -0.22, 0.81]	[-0.06, 0.01, 1.05]	[-0.08, 0.0, 0.88]
154	[0.01, 0.0, 0.18, -0.02, 0.14, 0.0, 1.0]	[-0.08, 0.05, 1.1]	[0.05, -0.22, 0.81]	[-0.06, 0.01, 1.06]	[-0.08, 0.0, 0.88]
155	[-0.48, -0.22, 0.16, -0.02, 0.11, 0.0, 1.0]	[-0.08, 0.05, 1.1]	[0.05, -0.22, 0.81]	[-0.06, 0.01, 1.06]	[-0.08, 0.0, 0.88]
156	[-0.29, -0.07, -0.06, -0.01, 0.09, -0.0, 1.0]	[-0.08, 0.05, 1.1]	[0.05, -0.22, 0.81]	[-0.06, 0.01, 1.06]	[-0.08, 0.0, 0.88]
157	[-0.48, -0.15, -0.14, -0.0, 0.07, -0.01, 1.0]	[-0.08, 0.05, 1.1]	[0.05, -0.22, 0.81]	[-0.07, 0.01, 1.06]	[-0.08, 0.0, 0.88]
158	[-0.44, 0.0, -0.09, 0.0, 0.04, -0.01, 1.0]	[-0.08, 0.05, 1.1]	[0.05, -0.22, 0.81]	[-0.07, 0.01, 1.06]	[-0.08, 0.0, 0.88]
159	[-0.53, -0.15, -0.28, 0.0, 0.02, -0.01, 1.0]	[-0.09, 0.05, 1.1]	[0.05, -0.22, 0.81]	[-0.07, 0.0, 1.06]	[-0.08, 0.0, 0.88]
160	[-0.33, -0.05, -0.01, 0.01, 0.01, -0.02, 1.0]	[-0.09, 0.05, 1.09]	[0.05, -0.22, 0.81]	[-0.08, 0.0, 1.05]	[-0.08, 0.0, 0.88]
161	[-0.4, -0.2, -0.18, 0.0, 0.0, -0.01, 1.0]	[-0.09, 0.05, 1.09]	[0.05, -0.22, 0.81]	[-0.08, 0.0, 1.05]	[-0.08, 0.0, 0.88]
162	[-0.2, -0.08, 0.09, 0.0, -0.0, -0.01, 1.0]	[-0.1, 0.04, 1.09]	[0.05, -0.22, 0.81]	[-0.09, 0.0, 1.05]	[-0.08, 0.0, 0.88]
163	[-0.15, -0.21, -0.02, 0.01, -0.0, -0.01, 1.0]	[-0.1, 0.04, 1.09]	[0.05, -0.22, 0.81]	[-0.09, 0.0, 1.05]	[-0.08, 0.0, 0.88]
164	[0.01, -0.05, 0.15, 0.01, 0.01, -0.01, 1.0]	[-0.1, 0.04, 1.09]	[0.05, -0.22, 0.81]	[-0.09, -0.0, 1.05]	[-0.08, 0.0, 0.88]
165	[-0.07, -0.16, 0.08, 0.01, 0.02, -0.0, 1.0]	[-0.1, 0.04, 1.09]	[0.05, -0.22, 0.81]	[-0.09, -0.0, 1.05]	[-0.08, 0.0, 0.88]
166	[-0.03, 0.04, 0.1, 0.0, 0.03, 0.0, 1.0]	[-0.11, 0.04, 1.09]	[0.05, -0.22, 0.81]	[-0.09, -0.0, 1.05]	[-0.08, 0.0, 0.88]
167	[-0.18, -0.13, 0.03, -0.0, 0.03, 0.0, 1.0]	[-0.11, 0.04, 1.09]	[0.05, -0.22, 0.81]	[-0.09, -0.0, 1.05]	[-0.08, 0.0, 0.88]
168	[-0.01, -0.02, 0.0, -0.0, 0.03, 0.01, 1.0]	[-0.11, 0.04, 1.09]	[0.05, -0.22, 0.81]	[-0.09, -0.0, 1.05]	[-0.08, 0.0, 0.88]
169	[-0.24, -0.2, -0.07, -0.0, 0.03, 0.01, 1.0]	[-0.11, 0.04, 1.09]	[0.05, -0.22, 0.81]	[-0.1, -0.01, 1.05]	[-0.08, 0.0, 0.88]
170	[-0.07, -0.09, -0.09, -0.0, 0.02, 0.01, 1.0]	[-0.11, 0.04, 1.09]	[0.05, -0.22, 0.81]	[-0.1, -0.01, 1.05]	[-0.08, 0.0, 0.88]
171	[-0.27, -0.14, -0.04, -0.0, 0.02, 0.02, 1.0]	[-0.11, 0.03, 1.09]	[0.05, -0.22, 0.81]	[-0.1, -0.01, 1.05]	[-0.08, 0.0, 0.88]
172	[-0.12, -0.09, -0.01, -0.0, 0.02, 0.02, 1.0]	[-0.12, 0.03, 1.09]	[0.05, -0.22, 0.81]	[-0.1, -0.01, 1.05]	[-0.08, 0.0, 0.88]
173	[-0.3, -0.12, 0.12, -0.0, 0.02, 0.02, 1.0]	[-0.12, 0.03, 1.09]	[0.05, -0.22, 0.81]	[-0.1, -0.01, 1.05]	[-0.08, 0.0, 0.88]
174	[-0.16, -0.05, 0.03, 0.0, 0.02, 0.01, 1.0]	[-0.12, 0.03, 1.09]	[0.05, -0.22, 0.81]	[-0.1, -0.01, 1.05]	[-0.08, 0.0, 0.88]
175	[-0.25, -0.13, 0.05, 0.01, 0.01, 0.01, 1.0]	[-0.12, 0.03, 1.09]	[0.05, -0.22, 0.81]	[-0.1, -0.01, 1.05]	[-0.08, 0.0, 0.88]
176	[-0.11, -0.01, 0.04, 0.01, 0.01, 0.01, 1.0]	[-0.12, 0.03, 1.09]	[0.05, -0.22, 0.81]	[-0.1, -0.01, 1.05]	[-0.08, 0.0, 0.88]
177	[0.01, -0.07, 0.15, 0.01, 0.02, 0.01, 1.0]	[-0.13, 0.03, 1.09]	[0.05, -0.22, 0.81]	[-0.11, -0.01, 1.05]	[-0.08, 0.0, 0.88]
178	[0.08, 0.07, 0.18, 0.02, 0.02, 0.01, 1.0]	[-0.13, 0.03, 1.1]	[0.05, -0.22, 0.81]	[-0.11, -0.01, 1.05]	[-0.08, 0.0, 0.88]
179	[0.15, 0.08, 0.18, 0.01, 0.03, 0.01, 1.0]	[-0.13, 0.03, 1.1]	[0.05, -0.22, 0.81]	[-0.11, -0.01, 1.06]	[-0.08, 0.0, 0.88]
180	[0.13, 0.14, 0.26, 0.01, 0.04, 0.01, 1.0]	[-0.13, 0.03, 1.1]	[0.05, -0.22, 0.81]	[-0.11, -0.01, 1.06]	[-0.08, 0.0, 0.88]
181	[0.1, 0.14, 0.28, 0.01, 0.05, 0.01, 1.0]	[-0.13, 0.03, 1.1]	[0.05, -0.22, 0.81]	[-0.11, -0.01, 1.06]	[-0.08, 0.0, 0.88]
182	[0.11, 0.17, 0.22, 0.0, 0.05, 0.01, 1.0]	[-0.13, 0.03, 1.11]	[0.05, -0.22, 0.81]	[-0.1, -0.01, 1.07]	[-0.08, 0.0, 0.88]
183	[0.12, 0.1, 0.2, -0.0, 0.06, 0.01, 1.0]	[-0.12, 0.03, 1.11]	[0.05, -0.22, 0.81]	[-0.1, -0.01, 1.07]	[-0.08, 0.0, 0.88]
184	[0.22, 0.19, 0.2, -0.0, 0.06, 0.01, 1.0]	[-0.12, 0.03, 1.11]	[0.05, -0.22, 0.81]	[-0.1, -0.01, 1.07]	[-0.08, 0.0, 0.88]
185	[0.2, 0.14, 0.17, -0.01, 0.06, 0.01, 1.0]	[-0.12, 0.04, 1.12]	[0.05, -0.22, 0.81]	[-0.1, -0.0, 1.08]	[-0.08, 0.0, 0.88]
186	[0.29, 0.18, 0.18, -0.01, 0.07, 0.01, 1.0]	[-0.12, 0.04, 1.12]	[0.05, -0.22, 0.81]	[-0.1, -0.0, 1.08]	[-0.08, 0.0, 0.88]
187	[0.1, 0.15, 0.14, -0.01, 0.07, 0.01, 1.0]	[-0.12, 0.04, 1.12]	[0.05, -0.22, 0.81]	[-0.1, -0.0, 1.08]	[-0.08, 0.0, 0.88]
188	[0.17, 0.17, 0.14, -0.02, 0.06, 0.0, 1.0]	[-0.12, 0.04, 1.12]	[0.05, -0.22, 0.81]	[-0.1, 0.0, 1.08]	[-0.08, 0.0, 0.88]
189	[0.08, 0.12, 0.09, -0.02, 0.06, 0.0, 1.0]	[-0.11, 0.04, 1.13]	[0.05, -0.22, 0.81]	[-0.09, 0.0, 1.09]	[-0.08, 0.0, 0.88]
190	[0.12, 0.07, 0.11, -0.01, 0.06, -0.0, 1.0]	[-0.11, 0.05, 1.13]	[0.05, -0.22, 0.81]	[-0.09, 0.01, 1.09]	[-0.08, 0.0, 0.88]
191	[0.03, 0.07, 0.09, -0.01, 0.05, 0.0, 1.0]	[-0.11, 0.05, 1.13]	[0.05, -0.22, 0.81]	[-0.09, 0.01, 1.09]	[-0.08, 0.0, 0.88]
192	[0.09, -0.02, 0.06, -0.01, 0.05, 0.0, 1.0]	[-0.11, 0.05, 1.13]	[0.05, -0.22, 0.81]	[-0.09, 0.01, 1.09]	[-0.08, 0.0, 0.88]
193	[0.01, -0.09, 0.01, -0.01, 0.04, 0.0, 1.0]	[-0.11, 0.05, 1.13]	[0.05, -0.22, 0.81]	[-0.09, 0.01, 1.09]	[-0.08, 0.0, 0.88]
194	[0.11, -0.08, 0.07, -0.01, 0.04, 0.01, 1.0]	[-0.11, 0.05, 1.13]	[0.05, -0.22, 0.81]	[-0.09, 0.01, 1.09]	[-0.08, 0.0, 0.88]
195	[0.11, -0.03, 0.06, -0.01, 0.04, 0.01, 1.0]	[-0.11, 0.05, 1.13]	[0.05, -0.22, 0.81]	[-0.09, 0.01, 1.09]	[-0.08, 0.0, 0.88]
196	[0.03, -0.02, 0.1, -0.01, 0.04, 0.01, 1.0]	[-0.11, 0.05, 1.13]	[0.05, -0.22, 0.81]	[-0.09, 0.01, 1.09]	[-0.08, 0.0, 0.88]
197	[-0.03, -0.07, 0.04, -0.01, 0.03, 0.01, 1.0]	[-0.11, 0.05, 1.13]	[0.05, -0.22, 0.81]	[-0.09, 0.0, 1.09]	[-0.08, 0.0, 0.88]
198	[0.0, -0.02, 0.11, -0.01, 0.03, 0.01, 1.0]	[-0.11, 0.05, 1.14]	[0.05, -0.22, 0.81]	[-0.09, 0.0, 1.09]	[-0.08, 0.0, 0.88]
199	[-0.01, -0.07, 0.1, -0.01, 0.02, 0.01, 1.0]	[-0.1, 0.05, 1.14]	[0.05, -0.22, 0.81]	[-0.09, 0.0, 1.09]	[-0.08, 0.0, 0.88]
200	[0.02, -0.04, 0.13, -0.01, 0.02, 0.01, 1.0]	[-0.1, 0.04, 1.14]	[0.05, -0.22, 0.81]	[-0.09, 0.0, 1.1]	[-0.08, 0.0, 0.88]
201	[-0.06, -0.05, 0.06, -0.01, 0.01, 0.01, 1.0]	[-0.1, 0.04, 1.14]	[0.05, -0.22, 0.81]	[-0.09, 0.0, 1.1]	[-0.08, 0.0, 0.88]
202	[-0.04, -0.07, 0.09, -0.0, 0.01, 0.01, 1.0]	[-0.1, 0.04, 1.14]	[0.05, -0.22, 0.81]	[-0.09, 0.0, 1.1]	[-0.08, 0.0, 0.88]
203	[-0.02, -0.02, 0.09, 0.0, 0.01, 0.01, 1.0]	[-0.1, 0.04, 1.14]	[0.05, -0.22, 0.81]	[-0.09, 0.0, 1.1]	[-0.08, 0.0, 0.88]
204	[-0.01, 0.03, 0.12, 0.0, 0.01, 0.01, 1.0]	[-0.1, 0.04, 1.14]	[0.05, -0.22, 0.81]	[-0.09, 0.0, 1.1]	[-0.08, 0.0, 0.88]
205	[-0.02, -0.01, 0.08, -0.0, 0.01, 0.01, 1.0]	[-0.1, 0.04, 1.14]	[0.05, -0.22, 0.81]	[-0.09, 0.0, 1.1]	[-0.08, 0.0, 0.88]
206	[-0.01, 0.02, 0.07, 0.0, 0.01, 0.0, 1.0]	[-0.1, 0.04, 1.14]	[0.05, -0.22, 0.81]	[-0.09, 0.0, 1.1]	[-0.08, 0.0, 0.88]
207	[-0.07, 0.05, -0.08, 0.0, 0.01, 0.0, 1.0]	[-0.11, 0.04, 1.14]	[0.05, -0.22, 0.81]	[-0.09, 0.0, 1.1]	[-0.08, 0.0, 0.88]
208	[0.01, 0.0, -0.01, 0.0, 0.01, 0.0, 1.0]	[-0.11, 0.04, 1.14]	[0.05, -0.22, 0.81]	[-0.09, 0.0, 1.1]	[-0.08, 0.0, 0.88]
209	[-0.01, 0.02, 0.05, 0.0, 0.01, 0.0, 1.0]	[-0.11, 0.04, 1.14]	[0.05, -0.22, 0.81]	[-0.09, 0.0, 1.1]	[-0.08, 0.0, 0.88]
210	[-0.02, 0.02, 0.02, 0.0, 0.0, 0.0, 1.0]	[-0.11, 0.04, 1.14]	[0.05, -0.22, 0.81]	[-0.09, 0.0, 1.1]	[-0.08, 0.0, 0.88]
211	[-0.02, -0.02, -0.05, 0.01, 0.01, 0.0, 1.0]	[-0.11, 0.04, 1.14]	[0.05, -0.22, 0.81]	[-0.09, 0.0, 1.1]	[-0.08, 0.0, 0.88]
212	[-0.04, 0.02, -0.02, 0.01, 0.0, 0.0, 1.0]	[-0.11, 0.04, 1.14]	[0.05, -0.22, 0.81]	[-0.09, 0.0, 1.1]	[-0.08, 0.0, 0.88]
213	[-0.04, -0.02, -0.09, 0.01, 0.0, 0.0, 1.0]	[-0.11, 0.04, 1.14]	[0.05, -0.22, 0.81]	[-0.09, 0.0, 1.1]	[-0.08, 0.0, 0.88]
214	[-0.03, -0.01, -0.1, 0.01, -0.0, -0.0, 1.0]	[-0.11, 0.04, 1.14]	[0.05, -0.22, 0.81]	[-0.09, 0.0, 1.1]	[-0.08, 0.0, 0.88]
215	[-0.09, -0.04, -0.17, 0.01, -0.01, -0.0, 1.0]	[-0.11, 0.04, 1.14]	[0.05, -0.22, 0.81]	[-0.09, 0.0, 1.1]	[-0.08, 0.0, 0.88]
216	[-0.04, -0.06, -0.16, 0.01, -0.01, -0.0, 1.0]	[-0.11, 0.04, 1.14]	[0.05, -0.22, 0.81]	[-0.09, 0.0, 1.1]	[-0.08, 0.0, 0.88]
217	[0.01, -0.04, -0.16, 0.01, -0.01, 0.0, 1.0]	[-0.11, 0.04, 1.14]	[0.05, -0.22, 0.81]	[-0.09, 0.0, 1.1]	[-0.08, 0.0, 0.88]
218	[0.0, -0.08, -0.17, 0.01, -0.01, 0.0, 1.0]	[-0.11, 0.04, 1.14]	[0.05, -0.22, 0.81]	[-0.09, 0.0, 1.09]	[-0.08, 0.0, 0.88]
219	[0.03, 0.01, -0.11, 0.01, -0.01, 0.0, 1.0]	[-0.11, 0.04, 1.13]	[0.05, -0.22, 0.81]	[-0.09, -0.0, 1.09]	[-0.08, 0.0, 0.88]
220	[-0.0, -0.0, -0.11, 0.01, -0.01, 0.01, 1.0]	[-0.11, 0.04, 1.13]	[0.05, -0.22, 0.81]	[-0.09, -0.0, 1.09]	[-0.08, 0.0, 0.88]
221	[0.01, 0.04, -0.1, 0.0, -0.01, 0.0, 1.0]	[-0.11, 0.04, 1.13]	[0.05, -0.22, 0.81]	[-0.09, -0.0, 1.09]	[-0.08, 0.0, 0.88]
222	[-0.07, 0.1, -0.06, -0.0, -0.01, 0.0, 1.0]	[-0.11, 0.04, 1.13]	[0.05, -0.22, 0.81]	[-0.09, -0.0, 1.09]	[-0.08, 0.0, 0.88]
223	[0.06, 0.14, -0.14, -0.0, -0.01, -0.0, 1.0]	[-0.11, 0.04, 1.13]	[0.05, -0.22, 0.81]	[-0.09, 0.0, 1.09]	[-0.08, 0.0, 0.88]
224	[0.01, 0.07, -0.07, -0.0, -0.01, -0.0, 1.0]	[-0.11, 0.04, 1.13]	[0.05, -0.22, 0.81]	[-0.09, 0.0, 1.08]	[-0.08, 0.0, 0.88]
225	[-0.07, 0.07, -0.05, -0.0, -0.01, -0.0, 1.0]	[-0.11, 0.05, 1.12]	[0.05, -0.22, 0.81]	[-0.09, 0.0, 1.08]	[-0.08, 0.0, 0.88]
226	[0.03, 0.07, -0.06, 0.0, -0.01, -0.0, 1.0]	[-0.11, 0.05, 1.12]	[0.05, -0.22, 0.81]	[-0.09, 0.0, 1.08]	[-0.08, 0.0, 0.88]
227	[-0.03, 0.03, -0.07, 0.0, -0.01, -0.0, 1.0]	[-0.11, 0.05, 1.12]	[0.05, -0.22, 0.81]	[-0.09, 0.0, 1.08]	[-0.08, 0.0, 0.88]
228	[-0.08, 0.04, -0.0, 0.0, -0.01, -0.0, 1.0]	[-0.11, 0.05, 1.12]	[0.05, -0.22, 0.81]	[-0.09, 0.01, 1.08]	[-0.08, 0.0, 0.88]
229	[-0.07, -0.02, 0.0, 0.0, -0.01, -0.01, 1.0]	[-0.11, 0.05, 1.12]	[0.05, -0.22, 0.81]	[-0.09, 0.01, 1.08]	[-0.08, 0.0, 0.88]
230	[-0.14, 0.03, 0.08, 0.0, -0.01, -0.01, 1.0]	[-0.11, 0.05, 1.12]	[0.05, -0.22, 0.81]	[-0.09, 0.01, 1.08]	[-0.08, 0.0, 0.88]
231	[-0.11, -0.04, 0.11, -0.0, -0.01, -0.01, 1.0]	[-0.11, 0.05, 1.12]	[0.05, -0.22, 0.81]	[-0.1, 0.01, 1.08]	[-0.08, 0.0, 0.88]
232	[-0.08, -0.01, 0.14, -0.0, -0.01, -0.01, 1.0]	[-0.11, 0.05, 1.12]	[0.05, -0.22, 0.81]	[-0.1, 0.01, 1.08]	[-0.08, 0.0, 0.88]
233	[0.02, -0.0, 0.12, -0.01, -0.01, -0.01, 1.0]	[-0.11, 0.05, 1.12]	[0.05, -0.22, 0.81]	[-0.1, 0.01, 1.08]	[-0.08, 0.0, 0.88]
234	[0.01, -0.07, 0.17, -0.01, -0.0, -0.0, 1.0]	[-0.11, 0.05, 1.13]	[0.05, -0.22, 0.81]	[-0.1, 0.01, 1.08]	[-0.08, 0.0, 0.88]
235	[0.14, -0.04, 0.11, -0.01, 0.01, 0.0, 1.0]	[-0.11, 0.05, 1.13]	[0.05, -0.22, 0.81]	[-0.1, 0.01, 1.09]	[-0.08, 0.0, 0.88]
236	[-0.02, -0.0, 0.15, -0.01, 0.01, 0.0, 1.0]	[-0.11, 0.05, 1.13]	[0.05, -0.22, 0.81]	[-0.1, 0.0, 1.09]	[-0.08, 0.0, 0.88]
237	[0.11, 0.06, 0.1, -0.01, 0.02, 0.0, 1.0]	[-0.11, 0.05, 1.13]	[0.05, -0.22, 0.81]	[-0.1, 0.0, 1.09]	[-0.08, 0.0, 0.88]
238	[0.01, 0.03, 0.12, -0.01, 0.02, 0.0, 1.0]	[-0.11, 0.05, 1.13]	[0.05, -0.22, 0.81]	[-0.1, 0.0, 1.09]	[-0.08, 0.0, 0.88]
239	[-0.06, 0.01, 0.08, -0.01, 0.02, 0.0, 1.0]	[-0.11, 0.05, 1.13]	[0.05, -0.22, 0.81]	[-0.1, 0.0, 1.09]	[-0.08, 0.0, 0.88]
240	[-0.05, -0.02, 0.04, -0.01, 0.02, 0.0, 1.0]	[-0.11, 0.05, 1.14]	[0.05, -0.22, 0.81]	[-0.1, 0.0, 1.09]	[-0.08, 0.0, 0.88]
241	[-0.15, -0.06, -0.07, -0.01, 0.02, 0.0, 1.0]	[-0.11, 0.05, 1.14]	[0.05, -0.22, 0.81]	[-0.1, 0.0, 1.1]	[-0.08, 0.0, 0.88]
242	[-0.1, -0.03, -0.03, -0.01, 0.02, 0.0, 1.0]	[-0.11, 0.05, 1.14]	[0.05, -0.22, 0.81]	[-0.1, 0.0, 1.09]	[-0.08, 0.0, 0.88]
243	[-0.07, -0.07, -0.08, -0.0, 0.01, -0.0, 1.0]	[-0.12, 0.05, 1.14]	[0.05, -0.22, 0.81]	[-0.1, 0.0, 1.09]	[-0.08, 0.0, 0.88]
244	[-0.09, -0.02, -0.04, -0.0, 0.01, 0.0, 1.0]	[-0.12, 0.05, 1.13]	[0.05, -0.22, 0.81]	[-0.1, 0.0, 1.09]	[-0.08, 0.0, 0.88]
245	[-0.03, -0.02, 0.01, 0.0, 0.01, 0.0, 1.0]	[-0.12, 0.05, 1.13]	[0.05, -0.22, 0.81]	[-0.1, 0.0, 1.09]	[-0.08, 0.0, 0.88]
246	[-0.1, -0.0, 0.01, -0.0, 0.01, 0.0, 1.0]	[-0.12, 0.05, 1.13]	[0.05, -0.22, 0.81]	[-0.1, 0.0, 1.09]	[-0.08, 0.0, 0.88]
247	[-0.04, -0.03, 0.02, -0.0, 0.01, 0.0, 1.0]	[-0.12, 0.05, 1.13]	[0.05, -0.22, 0.81]	[-0.1, 0.0, 1.09]	[-0.08, 0.0, 0.88]
248	[-0.1, -0.03, -0.02, -0.0, 0.0, 0.0, 1.0]	[-0.12, 0.04, 1.13]	[0.05, -0.22, 0.81]	[-0.11, 0.0, 1.09]	[-0.08, 0.0, 0.88]
249	[-0.03, -0.09, 0.01, 0.0, 0.0, 0.0, 1.0]	[-0.12, 0.04, 1.13]	[0.05, -0.22, 0.81]	[-0.11, 0.0, 1.09]	[-0.08, 0.0, 0.88]
250	[-0.08, -0.08, -0.03, 0.0, 0.0, 0.0, 1.0]	[-0.12, 0.04, 1.13]	[0.05, -0.22, 0.81]	[-0.11, 0.0, 1.09]	[-0.08, 0.0, 0.88]
251	[-0.11, -0.1, -0.05, 0.0, -0.0, 0.01, 1.0]	[-0.12, 0.04, 1.13]	[0.05, -0.22, 0.81]	[-0.11, 0.0, 1.09]	[-0.08, 0.0, 0.88]
252	[-0.05, -0.08, -0.02, 0.0, -0.0, 0.01, 1.0]	[-0.12, 0.04, 1.13]	[0.05, -0.22, 0.81]	[-0.11, -0.0, 1.09]	[-0.08, 0.0, 0.88]
253	[-0.02, -0.04, -0.06, 0.0, -0.0, 0.01, 1.0]	[-0.12, 0.04, 1.13]	[0.05, -0.22, 0.81]	[-0.11, -0.0, 1.09]	[-0.08, 0.0, 0.88]
254	[-0.04, -0.07, -0.08, 0.0, -0.0, 0.01, 1.0]	[-0.12, 0.04, 1.13]	[0.05, -0.22, 0.81]	[-0.11, -0.0, 1.09]	[-0.08, 0.0, 0.88]
255	[-0.1, -0.02, -0.07, 0.0, -0.0, 0.01, 1.0]	[-0.13, 0.04, 1.13]	[0.05, -0.22, 0.81]	[-0.11, -0.0, 1.09]	[-0.08, 0.0, 0.88]
256	[-0.08, -0.06, -0.03, 0.0, -0.01, 0.0, 1.0]	[-0.13, 0.04, 1.13]	[0.05, -0.22, 0.81]	[-0.11, -0.0, 1.09]	[-0.08, 0.0, 0.88]
257	[-0.02, -0.05, -0.03, 0.0, -0.0, 0.0, 1.0]	[-0.13, 0.04, 1.13]	[0.05, -0.22, 0.81]	[-0.11, -0.0, 1.09]	[-0.08, 0.0, 0.88]
258	[-0.02, -0.06, -0.12, 0.01, -0.01, 0.01, 1.0]	[-0.13, 0.04, 1.13]	[0.05, -0.22, 0.81]	[-0.11, -0.0, 1.09]	[-0.08, 0.0, 0.88]
259	[-0.07, -0.09, -0.17, 0.01, -0.01, 0.01, 1.0]	[-0.13, 0.04, 1.13]	[0.05, -0.22, 0.81]	[-0.11, -0.01, 1.09]	[-0.08, 0.0, 0.88]
260	[0.01, 0.0, -0.15, 0.01, -0.01, 0.01, 1.0]	[-0.13, 0.04, 1.13]	[0.05, -0.22, 0.81]	[-0.11, -0.01, 1.09]	[-0.08, 0.0, 0.88]
261	[0.06, 0.13, -0.13, 0.01, -0.01, 0.01, 1.0]	[-0.13, 0.04, 1.13]	[0.05, -0.22, 0.81]	[-0.11, -0.01, 1.09]	[-0.08, 0.0, 0.88]
262	[0.03, 0.15, -0.08, 0.01, -0.01, 0.0, 1.0]	[-0.13, 0.04, 1.13]	[0.05, -0.22, 0.81]	[-0.11, -0.01, 1.08]	[-0.08, 0.0, 0.88]
263	[0.04, 0.11, -0.11, 0.0, -0.01, -0.0, 1.0]	[-0.13, 0.04, 1.12]	[0.05, -0.22, 0.81]	[-0.11, -0.0, 1.08]	[-0.08, 0.0, 0.88]
264	[0.03, 0.17, -0.03, 0.0, -0.01, -0.0, 1.0]	[-0.13, 0.04, 1.12]	[0.05, -0.22, 0.81]	[-0.11, -0.0, 1.08]	[-0.08, 0.0, 0.88]
265	[0.06, 0.16, -0.01, 0.0, -0.01, -0.01, 1.0]	[-0.13, 0.04, 1.12]	[0.05, -0.22, 0.81]	[-0.11, -0.0, 1.08]	[-0.08, 0.0, 0.88]
266	[0.13, 0.14, -0.06, -0.0, -0.01, -0.01, 1.0]	[-0.13, 0.04, 1.12]	[0.05, -0.22, 0.81]	[-0.11, 0.0, 1.08]	[-0.08, 0.0, 0.88]
267	[0.18, 0.18, -0.07, -0.0, -0.01, -0.01, 1.0]	[-0.13, 0.04, 1.12]	[0.05, -0.22, 0.81]	[-0.11, 0.0, 1.08]	[-0.08, 0.0, 0.88]
268	[0.17, 0.13, -0.12, -0.0, -0.01, -0.01, 1.0]	[-0.13, 0.05, 1.12]	[0.05, -0.22, 0.81]	[-0.11, 0.0, 1.08]	[-0.08, 0.0, 0.88]
269	[0.22, 0.02, -0.18, -0.0, -0.0, -0.01, 1.0]	[-0.12, 0.05, 1.12]	[0.05, -0.22, 0.81]	[-0.11, 0.0, 1.08]	[-0.08, 0.0, 0.88]
270	[0.22, 0.12, -0.11, -0.0, 0.0, -0.01, 1.0]	[-0.12, 0.05, 1.12]	[0.05, -0.22, 0.81]	[-0.11, 0.0, 1.08]	[-0.08, 0.0, 0.88]
271	[0.11, 0.17, -0.22, -0.01, -0.0, -0.01, 1.0]	[-0.12, 0.05, 1.12]	[0.05, -0.22, 0.81]	[-0.1, 0.01, 1.08]	[-0.08, 0.0, 0.88]
272	[0.16, 0.06, -0.21, -0.0, -0.01, -0.01, 1.0]	[-0.12, 0.05, 1.12]	[0.05, -0.22, 0.81]	[-0.1, 0.01, 1.08]	[-0.08, 0.0, 0.88]
273	[0.2, 0.08, -0.24, -0.0, -0.01, -0.0, 1.0]	[-0.12, 0.05, 1.12]	[0.05, -0.22, 0.81]	[-0.1, 0.01, 1.08]	[-0.08, 0.0, 0.88]
274	[0.16, -0.03, -0.27, -0.0, -0.02, -0.0, 1.0]	[-0.11, 0.05, 1.12]	[0.05, -0.22, 0.81]	[-0.1, 0.01, 1.08]	[-0.08, 0.0, 0.88]
275	[0.24, -0.05, -0.33, 0.0, -0.02, 0.0, 1.0]	[-0.11, 0.05, 1.12]	[0.05, -0.22, 0.81]	[-0.1, 0.01, 1.08]	[-0.08, 0.0, 0.88]
276	[0.16, -0.1, -0.25, 0.01, -0.02, 0.0, 1.0]	[-0.11, 0.05, 1.11]	[0.05, -0.22, 0.81]	[-0.1, 0.01, 1.08]	[-0.08, 0.0, 0.88]
277	[0.13, -0.0, -0.22, 0.01, -0.02, 0.01, 1.0]	[-0.11, 0.05, 1.11]	[0.05, -0.22, 0.81]	[-0.1, 0.01, 1.07]	[-0.08, 0.0, 0.88]
278	[0.04, -0.07, -0.19, 0.01, -0.03, 0.01, 1.0]	[-0.11, 0.05, 1.11]	[0.05, -0.22, 0.81]	[-0.09, 0.01, 1.07]	[-0.08, 0.0, 0.88]
279	[0.03, -0.05, -0.2, 0.01, -0.03, 0.01, 1.0]	[-0.1, 0.05, 1.11]	[0.05, -0.22, 0.81]	[-0.09, 0.01, 1.07]	[-0.08, 0.0, 0.88]
280	[-0.05, -0.07, -0.14, 0.01, -0.04, 0.0, 1.0]	[-0.1, 0.05, 1.1]	[0.05, -0.22, 0.81]	[-0.09, 0.01, 1.06]	[-0.08, 0.0, 0.88]
281	[-0.06, -0.05, -0.15, 0.01, -0.04, 0.0, 1.0]	[-0.1, 0.05, 1.1]	[0.05, -0.22, 0.81]	[-0.09, 0.01, 1.06]	[-0.08, 0.0, 0.88]
282	[-0.03, -0.05, -0.14, 0.01, -0.05, -0.0, 1.0]	[-0.1, 0.05, 1.1]	[0.05, -0.22, 0.81]	[-0.09, 0.0, 1.06]	[-0.08, 0.0, 0.88]
283	[-0.01, -0.02, -0.14, 0.02, -0.05, -0.0, 1.0]	[-0.1, 0.05, 1.1]	[0.05, -0.22, 0.81]	[-0.09, 0.0, 1.06]	[-0.08, 0.0, 0.88]
284	[-0.03, -0.05, -0.13, 0.02, -0.05, -0.01, 1.0]	[-0.1, 0.05, 1.1]	[0.05, -0.22, 0.81]	[-0.09, 0.0, 1.06]	[-0.08, 0.0, 0.88]
285	[-0.03, -0.02, -0.14, 0.01, -0.05, -0.01, 1.0]	[-0.1, 0.05, 1.09]	[0.05, -0.22, 0.81]	[-0.09, 0.0, 1.05]	[-0.08, 0.0, 0.88]
286	[-0.01, 0.05, -0.15, 0.01, -0.05, -0.01, 1.0]	[-0.1, 0.05, 1.09]	[0.05, -0.22, 0.81]	[-0.09, 0.0, 1.05]	[-0.08, 0.0, 0.88]
287	[0.05, 0.15, -0.23, 0.01, -0.05, -0.01, 1.0]	[-0.1, 0.05, 1.09]	[0.05, -0.22, 0.81]	[-0.09, 0.0, 1.05]	[-0.08, 0.0, 0.88]
288	[-0.02, 0.11, -0.24, 0.0, -0.06, -0.01, 1.0]	[-0.1, 0.05, 1.09]	[0.05, -0.22, 0.81]	[-0.09, 0.0, 1.05]	[-0.08, 0.0, 0.88]
289	[0.08, 0.07, -0.26, 0.0, -0.06, -0.02, 1.0]	[-0.1, 0.05, 1.09]	[0.05, -0.22, 0.81]	[-0.09, 0.0, 1.05]	[-0.08, 0.0, 0.88]
290	[-0.02, 0.11, -0.2, -0.0, -0.06, -0.02, 1.0]	[-0.1, 0.05, 1.09]	[0.05, -0.22, 0.81]	[-0.09, 0.01, 1.05]	[-0.08, 0.0, 0.88]
291	[0.12, 0.09, -0.14, -0.0, -0.06, -0.01, 1.0]	[-0.1, 0.05, 1.09]	[0.05, -0.22, 0.81]	[-0.09, 0.01, 1.05]	[-0.08, 0.0, 0.88]
292	[0.02, 0.0, -0.14, -0.0, -0.05, -0.01, 1.0]	[-0.1, 0.05, 1.09]	[0.05, -0.22, 0.81]	[-0.09, 0.01, 1.05]	[-0.08, 0.0, 0.88]
293	[0.16, 0.01, -0.14, 0.0, -0.05, -0.01, 1.0]	[-0.1, 0.05, 1.09]	[0.05, -0.22, 0.81]	[-0.09, 0.01, 1.05]	[-0.08, 0.0, 0.88]
294	[0.1, -0.03, -0.1, 0.0, -0.05, -0.01, 1.0]	[-0.1, 0.05, 1.09]	[0.05, -0.22, 0.81]	[-0.09, 0.01, 1.05]	[-0.08, 0.0, 0.88]
295	[0.18, -0.0, -0.06, 0.0, -0.04, -0.0, 1.0]	[-0.1, 0.05, 1.09]	[0.05, -0.22, 0.81]	[-0.09, 0.01, 1.05]	[-0.08, 0.0, 0.88]
296	[0.18, 0.01, -0.02, 0.0, -0.03, -0.0, 1.0]	[-0.1, 0.05, 1.09]	[0.05, -0.22, 0.81]	[-0.09, 0.01, 1.05]	[-0.08, 0.0, 0.88]
297	[0.18, 0.01, -0.01, 0.0, -0.02, -0.0, 1.0]	[-0.09, 0.05, 1.09]	[0.05, -0.22, 0.81]	[-0.08, 0.01, 1.05]	[-0.08, 0.0, 0.88]
298	[0.12, 0.0, -0.09, 0.0, -0.02, -0.0, 1.0]	[-0.09, 0.05, 1.09]	[0.05, -0.22, 0.81]	[-0.08, 0.01, 1.05]	[-0.08, 0.0, 0.88]
299	[0.15, -0.02, -0.17, 0.0, -0.02, -0.0, 1.0]	[-0.09, 0.05, 1.09]	[0.05, -0.22, 0.81]	[-0.08, 0.01, 1.05]	[-0.08, 0.0, 0.88]
300	[0.12, 0.03, -0.17, 0.0, -0.02, -0.0, 1.0]	[-0.09, 0.05, 1.09]	[0.05, -0.22, 0.81]	[-0.08, 0.01, 1.05]	[-0.08, 0.0, 0.88]
301	[0.13, 0.02, -0.17, 0.0, -0.02, -0.0, 1.0]	[-0.09, 0.05, 1.09]	[0.05, -0.22, 0.81]	[-0.08, 0.01, 1.05]	[-0.08, 0.0, 0.88]
302	[0.06, -0.02, -0.16, 0.0, -0.03, -0.0, 1.0]	[-0.09, 0.05, 1.09]	[0.05, -0.22, 0.81]	[-0.08, 0.01, 1.05]	[-0.08, 0.0, 0.88]
303	[0.05, -0.15, -0.14, 0.01, -0.03, 0.0, 1.0]	[-0.09, 0.05, 1.09]	[0.05, -0.22, 0.81]	[-0.08, 0.01, 1.05]	[-0.08, 0.0, 0.88]
304	[0.06, -0.13, -0.11, 0.01, -0.03, 0.0, 1.0]	[-0.08, 0.05, 1.09]	[0.05, -0.22, 0.81]	[-0.08, 0.01, 1.05]	[-0.08, 0.0, 0.88]
305	[0.12, -0.11, -0.11, 0.01, -0.03, 0.01, 1.0]	[-0.08, 0.05, 1.09]	[0.05, -0.22, 0.81]	[-0.08, 0.0, 1.05]	[-0.08, 0.0, 0.88]
306	[0.09, -0.03, -0.04, 0.01, -0.03, 0.01, 1.0]	[-0.08, 0.05, 1.09]	[0.05, -0.22, 0.81]	[-0.08, 0.0, 1.05]	[-0.08, 0.0, 0.88]
307	[0.1, 0.06, -0.03, 0.01, -0.03, 0.01, 1.0]	[-0.08, 0.05, 1.09]	[0.05, -0.22, 0.81]	[-0.08, 0.0, 1.05]	[-0.08, 0.0, 0.88]
308	[0.03, 0.02, -0.08, 0.01, -0.03, 0.0, 1.0]	[-0.08, 0.05, 1.09]	[0.05, -0.22, 0.81]	[-0.08, 0.0, 1.05]	[-0.08, 0.0, 0.88]
309	[0.1, -0.02, -0.13, 0.01, -0.02, -0.0, 1.0]	[-0.08, 0.05, 1.09]	[0.05, -0.22, 0.81]	[-0.07, 0.0, 1.05]	[-0.08, 0.0, 0.88]
310	[0.0, 0.07, -0.11, 0.01, -0.03, -0.0, 1.0]	[-0.08, 0.05, 1.09]	[0.05, -0.22, 0.81]	[-0.07, 0.0, 1.05]	[-0.08, 0.0, 0.88]
311	[0.12, 0.09, -0.02, 0.01, -0.03, -0.0, 1.0]	[-0.08, 0.05, 1.09]	[0.05, -0.22, 0.81]	[-0.07, 0.0, 1.05]	[-0.08, 0.0, 0.88]
312	[0.07, 0.03, -0.04, 0.01, -0.03, 0.0, 1.0]	[-0.08, 0.05, 1.09]	[0.05, -0.22, 0.81]	[-0.07, 0.0, 1.05]	[-0.08, 0.0, 0.88]
313	[0.2, -0.12, -0.01, 0.01, -0.02, 0.0, 1.0]	[-0.08, 0.05, 1.09]	[0.05, -0.22, 0.81]	[-0.07, 0.0, 1.05]	[-0.08, 0.0, 0.88]
314	[0.16, -0.07, 0.05, 0.01, -0.01, 0.01, 1.0]	[-0.07, 0.05, 1.09]	[0.05, -0.22, 0.81]	[-0.07, 0.0, 1.05]	[-0.08, 0.0, 0.88]
315	[-0.01, -0.04, 0.09, 0.01, -0.01, 0.01, 1.0]	[-0.07, 0.05, 1.09]	[0.05, -0.22, 0.81]	[-0.07, 0.0, 1.05]	[-0.08, 0.0, 0.88]
316	[-0.0, 0.02, 0.09, 0.01, -0.01, 0.01, 1.0]	[-0.07, 0.05, 1.09]	[0.05, -0.22, 0.81]	[-0.07, 0.0, 1.05]	[-0.08, 0.0, 0.88]
317	[-0.01, 0.02, 0.04, 0.01, -0.01, 0.0, 1.0]	[-0.07, 0.05, 1.09]	[0.05, -0.22, 0.81]	[-0.07, 0.0, 1.05]	[-0.08, 0.0, 0.88]
318	[-0.03, 0.06, 0.01, 0.01, -0.01, 0.0, 1.0]	[-0.07, 0.05, 1.09]	[0.05, -0.22, 0.81]	[-0.07, 0.0, 1.05]	[-0.08, 0.0, 0.88]
319	[-0.02, 0.0, -0.06, 0.0, -0.01, 0.0, 1.0]	[-0.07, 0.05, 1.09]	[0.05, -0.22, 0.81]	[-0.07, 0.0, 1.05]	[-0.08, 0.0, 0.88]
320	[-0.01, 0.02, -0.11, 0.01, -0.02, 0.0, 1.0]	[-0.07, 0.05, 1.09]	[0.05, -0.22, 0.81]	[-0.07, 0.0, 1.05]	[-0.08, 0.0, 0.88]
321	[-0.04, -0.08, -0.24, 0.01, -0.02, 0.0, 1.0]	[-0.07, 0.05, 1.09]	[0.05, -0.22, 0.81]	[-0.07, 0.0, 1.05]	[-0.08, 0.0, 0.88]
322	[-0.03, 0.0, -0.3, 0.01, -0.03, -0.0, 1.0]	[-0.07, 0.05, 1.09]	[0.05, -0.22, 0.81]	[-0.07, 0.0, 1.05]	[-0.08, 0.0, 0.88]
323	[0.02, 0.02, -0.29, 0.01, -0.03, -0.0, 1.0]	[-0.07, 0.05, 1.09]	[0.05, -0.22, 0.81]	[-0.07, 0.0, 1.05]	[-0.08, 0.0, 0.88]
324	[-0.06, 0.05, -0.27, 0.01, -0.04, -0.0, 1.0]	[-0.07, 0.05, 1.09]	[0.05, -0.22, 0.81]	[-0.07, 0.0, 1.05]	[-0.08, 0.0, 0.88]
325	[0.0, 0.04, -0.23, 0.01, -0.04, -0.01, 1.0]	[-0.07, 0.05, 1.09]	[0.05, -0.22, 0.81]	[-0.07, 0.0, 1.05]	[-0.08, 0.0, 0.88]
326	[-0.07, 0.03, -0.21, 0.01, -0.04, -0.0, 1.0]	[-0.07, 0.05, 1.09]	[0.05, -0.22, 0.81]	[-0.07, 0.0, 1.05]	[-0.08, 0.0, 0.88]
327	[-0.04, 0.02, -0.18, 0.01, -0.04, -0.0, 1.0]	[-0.07, 0.05, 1.09]	[0.05, -0.22, 0.81]	[-0.07, 0.0, 1.05]	[-0.08, 0.0, 0.88]
328	[-0.1, 0.02, -0.19, 0.01, -0.05, -0.0, 1.0]	[-0.07, 0.05, 1.09]	[0.05, -0.22, 0.81]	[-0.07, 0.0, 1.05]	[-0.08, 0.0, 0.88]
329	[-0.03, 0.02, -0.16, 0.02, -0.05, -0.0, 1.0]	[-0.07, 0.05, 1.09]	[0.05, -0.22, 0.81]	[-0.07, 0.0, 1.05]	[-0.08, 0.0, 0.88]
330	[-0.02, 0.05, -0.18, 0.02, -0.05, -0.0, 1.0]	[-0.07, 0.05, 1.09]	[0.05, -0.22, 0.81]	[-0.07, 0.0, 1.05]	[-0.08, 0.0, 0.88]
331	[-0.02, -0.06, -0.22, 0.01, -0.05, -0.0, 1.0]	[-0.07, 0.05, 1.09]	[0.05, -0.22, 0.81]	[-0.07, 0.0, 1.05]	[-0.08, 0.0, 0.88]
332	[0.01, 0.06, -0.21, 0.01, -0.05, -0.01, 1.0]	[-0.07, 0.05, 1.09]	[0.05, -0.22, 0.81]	[-0.07, 0.0, 1.05]	[-0.08, 0.0, 0.88]
333	[0.05, -0.07, -0.24, 0.02, -0.05, -0.01, 1.0]	[-0.07, 0.05, 1.09]	[0.05, -0.22, 0.81]	[-0.07, 0.0, 1.05]	[-0.08, 0.0, 0.88]
334	[0.06, -0.01, -0.21, 0.02, -0.04, -0.01, 1.0]	[-0.07, 0.05, 1.09]	[0.05, -0.22, 0.81]	[-0.07, 0.0, 1.05]	[-0.08, 0.0, 0.88]
335	[0.08, -0.01, -0.14, 0.02, -0.04, -0.01, 1.0]	[-0.07, 0.05, 1.09]	[0.05, -0.22, 0.81]	[-0.07, 0.0, 1.05]	[-0.08, 0.0, 0.88]
336	[0.24, 0.03, 0.01, 0.02, -0.03, -0.0, 1.0]	[-0.07, 0.05, 1.09]	[0.05, -0.22, 0.81]	[-0.07, 0.0, 1.05]	[-0.08, 0.0, 0.88]
337	[0.22, -0.05, 0.06, 0.02, -0.01, -0.0, 1.0]	[-0.07, 0.05, 1.09]	[0.05, -0.22, 0.81]	[-0.07, 0.0, 1.05]	[-0.08, 0.0, 0.88]
338	[0.07, 0.06, -0.04, 0.02, -0.01, 0.0, 1.0]	[-0.07, 0.05, 1.09]	[0.05, -0.22, 0.81]	[-0.07, 0.0, 1.05]	[-0.08, 0.0, 0.88]
339	[0.06, 0.05, -0.1, 0.01, 0.0, 0.03, 1.0]	[-0.07, 0.05, 1.09]	[0.05, -0.22, 0.81]	[-0.07, 0.0, 1.05]	[-0.08, 0.0, 0.88]
340	[0.05, -0.02, -0.08, 0.02, 0.0, 0.04, 1.0]	[-0.07, 0.05, 1.09]	[0.05, -0.22, 0.81]	[-0.07, 0.0, 1.05]	[-0.08, 0.0, 0.88]
341	[-0.11, 0.04, -0.12, 0.02, -0.01, 0.04, 1.0]	[-0.07, 0.05, 1.09]	[0.05, -0.22, 0.81]	[-0.07, 0.0, 1.05]	[-0.08, 0.0, 0.88]
342	[-0.14, -0.02, -0.22, 0.02, -0.03, 0.03, 1.0]	[-0.07, 0.05, 1.09]	[0.05, -0.22, 0.81]	[-0.07, 0.0, 1.05]	[-0.08, 0.0, 0.88]
343	[-0.12, -0.09, -0.27, 0.03, -0.04, 0.02, 1.0]	[-0.07, 0.05, 1.09]	[0.05, -0.22, 0.81]	[-0.07, 0.0, 1.05]	[-0.08, 0.0, 0.88]
344	[-0.3, -0.09, -0.3, 0.03, -0.05, 0.01, 1.0]	[-0.07, 0.05, 1.09]	[0.05, -0.22, 0.81]	[-0.07, 0.0, 1.05]	[-0.08, 0.0, 0.88]
345	[-0.24, -0.2, -0.19, 0.04, -0.05, 0.01, 1.0]	[-0.07, 0.05, 1.09]	[0.05, -0.22, 0.81]	[-0.07, 0.0, 1.05]	[-0.08, 0.0, 0.88]
346	[-0.22, -0.12, -0.21, 0.04, -0.05, 0.01, 1.0]	[-0.07, 0.04, 1.09]	[0.05, -0.22, 0.81]	[-0.07, 0.0, 1.05]	[-0.08, 0.0, 0.88]
347	[-0.29, -0.16, -0.09, 0.04, -0.05, 0.01, 1.0]	[-0.07, 0.04, 1.09]	[0.05, -0.22, 0.81]	[-0.07, 0.0, 1.05]	[-0.08, 0.0, 0.88]
348	[-0.28, -0.03, -0.14, 0.03, -0.06, 0.01, 1.0]	[-0.07, 0.04, 1.09]	[0.05, -0.22, 0.81]	[-0.07, 0.0, 1.05]	[-0.08, 0.0, 0.88]
349	[-0.18, -0.07, -0.12, 0.02, -0.06, 0.01, 1.0]	[-0.08, 0.04, 1.09]	[0.05, -0.22, 0.81]	[-0.07, 0.0, 1.05]	[-0.08, 0.0, 0.88]
350	[-0.22, -0.11, -0.1, 0.02, -0.05, 0.01, 1.0]	[-0.08, 0.04, 1.09]	[0.05, -0.22, 0.81]	[-0.07, -0.0, 1.05]	[-0.08, 0.0, 0.88]
351	[-0.15, -0.14, -0.07, 0.02, -0.05, 0.01, 1.0]	[-0.08, 0.04, 1.09]	[0.05, -0.22, 0.81]	[-0.08, -0.0, 1.05]	[-0.08, 0.0, 0.88]
352	[-0.08, -0.07, -0.1, 0.01, -0.05, 0.01, 1.0]	[-0.08, 0.04, 1.09]	[0.05, -0.22, 0.81]	[-0.08, -0.0, 1.05]	[-0.08, 0.0, 0.88]
353	[0.06, -0.03, -0.14, 0.01, -0.04, 0.01, 1.0]	[-0.08, 0.04, 1.08]	[0.05, -0.22, 0.81]	[-0.08, -0.0, 1.04]	[-0.08, 0.0, 0.88]
354	[0.08, 0.08, -0.23, 0.0, -0.04, 0.01, 1.0]	[-0.08, 0.04, 1.08]	[0.05, -0.22, 0.81]	[-0.08, -0.0, 1.04]	[-0.08, 0.0, 0.88]
355	[0.16, 0.0, -0.29, 0.0, -0.03, 0.01, 1.0]	[-0.08, 0.04, 1.08]	[0.05, -0.22, 0.81]	[-0.08, -0.0, 1.04]	[-0.08, 0.0, 0.88]
356	[0.29, 0.21, -0.2, -0.0, -0.02, 0.01, 1.0]	[-0.08, 0.04, 1.08]	[0.05, -0.22, 0.81]	[-0.08, -0.0, 1.04]	[-0.08, 0.0, 0.88]
357	[0.32, 0.27, -0.25, -0.01, -0.02, 0.0, 1.0]	[-0.08, 0.04, 1.08]	[0.05, -0.22, 0.81]	[-0.08, -0.0, 1.04]	[-0.08, 0.0, 0.88]
358	[0.36, 0.3, -0.22, -0.01, -0.0, 0.0, 1.0]	[-0.08, 0.04, 1.08]	[0.05, -0.22, 0.81]	[-0.08, -0.0, 1.04]	[-0.08, 0.0, 0.88]
359	[0.3, 0.29, -0.28, -0.01, 0.0, 0.0, 1.0]	[-0.08, 0.04, 1.07]	[0.05, -0.22, 0.81]	[-0.07, 0.0, 1.04]	[-0.08, 0.0, 0.88]
360	[0.28, 0.25, -0.31, -0.01, 0.01, -0.0, 1.0]	[-0.08, 0.05, 1.07]	[0.05, -0.22, 0.81]	[-0.07, 0.0, 1.03]	[-0.08, 0.0, 0.88]
361	[0.09, 0.18, -0.41, -0.01, 0.01, -0.01, 1.0]	[-0.07, 0.05, 1.07]	[0.05, -0.22, 0.81]	[-0.07, 0.0, 1.03]	[-0.08, 0.0, 0.88]
362	[0.1, 0.15, -0.42, 0.0, 0.01, -0.01, 1.0]	[-0.07, 0.05, 1.07]	[0.05, -0.22, 0.81]	[-0.07, 0.01, 1.03]	[-0.08, 0.0, 0.88]
363	[0.04, 0.12, -0.38, 0.01, 0.0, -0.01, 1.0]	[-0.07, 0.05, 1.07]	[0.05, -0.22, 0.81]	[-0.07, 0.01, 1.03]	[-0.08, 0.0, 0.88]
364	[0.03, 0.12, -0.36, 0.02, -0.0, -0.01, 1.0]	[-0.07, 0.05, 1.07]	[0.05, -0.22, 0.81]	[-0.07, 0.01, 1.03]	[-0.08, 0.0, 0.88]
365	[0.08, 0.12, -0.25, 0.02, -0.01, -0.01, 1.0]	[-0.07, 0.05, 1.07]	[0.05, -0.22, 0.81]	[-0.07, 0.01, 1.03]	[-0.08, 0.0, 0.88]
366	[0.09, 0.12, -0.26, 0.03, -0.01, -0.01, 1.0]	[-0.07, 0.05, 1.07]	[0.05, -0.22, 0.81]	[-0.07, 0.01, 1.03]	[-0.08, 0.0, 0.88]
367	[-0.14, 0.1, -0.26, 0.02, -0.02, -0.01, 1.0]	[-0.07, 0.05, 1.07]	[0.05, -0.22, 0.81]	[-0.07, 0.01, 1.03]	[-0.08, 0.0, 0.88]
368	[0.06, 0.12, -0.27, 0.02, -0.03, -0.01, 1.0]	[-0.07, 0.05, 1.07]	[0.05, -0.22, 0.81]	[-0.07, 0.01, 1.03]	[-0.08, 0.0, 0.88]
369	[0.16, -0.06, -0.26, 0.03, -0.03, -0.01, 1.0]	[-0.07, 0.05, 1.07]	[0.05, -0.22, 0.81]	[-0.07, 0.01, 1.03]	[-0.08, 0.0, 0.88]
370	[0.23, -0.1, -0.35, 0.04, -0.03, 0.0, 1.0]	[-0.07, 0.05, 1.07]	[0.05, -0.22, 0.81]	[-0.07, 0.01, 1.03]	[-0.08, 0.0, 0.88]
371	[0.2, -0.22, -0.26, 0.04, -0.04, 0.01, 1.0]	[-0.07, 0.05, 1.07]	[0.05, -0.22, 0.81]	[-0.07, 0.01, 1.03]	[-0.08, 0.0, 0.88]
372	[0.14, -0.04, -0.32, 0.04, -0.04, 0.01, 1.0]	[-0.07, 0.05, 1.07]	[0.05, -0.22, 0.81]	[-0.07, 0.01, 1.03]	[-0.08, 0.0, 0.88]
373	[0.05, 0.03, -0.32, 0.03, -0.05, 0.01, 1.0]	[-0.07, 0.05, 1.07]	[0.05, -0.22, 0.81]	[-0.07, 0.01, 1.03]	[-0.08, 0.0, 0.88]
374	[-0.03, 0.16, -0.23, 0.02, -0.06, 0.01, 1.0]	[-0.07, 0.05, 1.07]	[0.05, -0.22, 0.81]	[-0.07, 0.01, 1.03]	[-0.08, 0.0, 0.88]
375	[0.06, 0.01, -0.17, 0.02, -0.06, -0.0, 1.0]	[-0.07, 0.05, 1.07]	[0.05, -0.22, 0.81]	[-0.07, 0.01, 1.03]	[-0.08, 0.0, 0.88]
376	[0.06, 0.0, -0.29, 0.03, -0.07, -0.0, 1.0]	[-0.07, 0.05, 1.07]	[0.05, -0.22, 0.81]	[-0.07, 0.01, 1.03]	[-0.08, 0.0, 0.88]
377	[0.04, -0.0, -0.29, 0.03, -0.07, -0.0, 1.0]	[-0.07, 0.05, 1.07]	[0.05, -0.22, 0.81]	[-0.07, 0.01, 1.03]	[-0.08, 0.0, 0.88]
378	[0.04, 0.02, -0.38, 0.03, -0.08, -0.0, 1.0]	[-0.07, 0.05, 1.07]	[0.05, -0.22, 0.81]	[-0.07, 0.01, 1.03]	[-0.08, 0.0, 0.88]
379	[0.09, 0.04, -0.4, 0.03, -0.08, -0.0, 1.0]	[-0.07, 0.05, 1.07]	[0.05, -0.22, 0.81]	[-0.07, 0.01, 1.03]	[-0.08, 0.0, 0.88]
380	[0.02, 0.07, -0.4, 0.04, -0.08, -0.01, -1.0]	[-0.07, 0.05, 1.07]	[0.05, -0.22, 0.81]	[-0.07, 0.01, 1.03]	[-0.08, 0.0, 0.88]
381	[0.13, 0.09, -0.39, 0.04, -0.07, -0.01, -1.0]	[-0.07, 0.05, 1.07]	[0.05, -0.22, 0.81]	[-0.07, 0.01, 1.03]	[-0.08, 0.0, 0.88]
382	[-0.11, 0.13, -0.39, 0.05, -0.08, -0.01, -1.0]	[-0.07, 0.05, 1.06]	[0.05, -0.22, 0.81]	[-0.07, 0.01, 1.03]	[-0.08, 0.0, 0.88]
383	[0.09, 0.25, -0.24, 0.04, -0.07, -0.02, -1.0]	[-0.07, 0.05, 1.06]	[0.05, -0.22, 0.81]	[-0.07, 0.01, 1.03]	[-0.08, 0.0, 0.88]
384	[0.14, 0.22, -0.22, 0.03, -0.07, -0.02, -1.0]	[-0.07, 0.06, 1.06]	[0.05, -0.22, 0.81]	[-0.07, 0.01, 1.03]	[-0.08, 0.0, 0.88]
385	[0.09, -0.01, -0.24, 0.04, -0.07, -0.01, -1.0]	[-0.07, 0.06, 1.06]	[0.05, -0.22, 0.81]	[-0.07, 0.01, 1.03]	[-0.08, 0.0, 0.88]
386	[0.18, -0.1, -0.35, 0.04, -0.07, -0.01, -1.0]	[-0.06, 0.06, 1.06]	[0.05, -0.22, 0.81]	[-0.07, 0.01, 1.03]	[-0.08, 0.0, 0.88]
387	[0.18, -0.15, -0.45, 0.06, -0.06, -0.0, -1.0]	[-0.06, 0.06, 1.05]	[0.05, -0.22, 0.81]	[-0.07, 0.01, 1.03]	[-0.08, 0.0, 0.88]
388	[0.19, -0.15, -0.42, 0.06, -0.06, 0.01, -1.0]	[-0.06, 0.06, 1.05]	[0.05, -0.22, 0.81]	[-0.07, 0.01, 1.03]	[-0.08, 0.0, 0.88]
389	[0.16, -0.15, -0.4, 0.06, -0.06, 0.01, -1.0]	[-0.06, 0.06, 1.04]	[0.05, -0.22, 0.81]	[-0.07, 0.01, 1.03]	[-0.08, 0.0, 0.88]
390	[0.19, -0.08, -0.47, 0.06, -0.06, 0.01, -1.0]	[-0.06, 0.05, 1.04]	[0.05, -0.22, 0.81]	[-0.08, 0.0, 1.02]	[-0.08, 0.0, 0.88]
391	[0.14, -0.11, -0.59, 0.07, -0.06, 0.02, -1.0]	[-0.06, 0.05, 1.03]	[0.05, -0.22, 0.81]	[-0.08, 0.0, 0.99]	[-0.08, 0.0, 0.88]
392	[0.24, -0.07, -0.67, 0.07, -0.06, 0.02, -1.0]	[-0.06, 0.05, 1.02]	[0.05, -0.22, 0.81]	[-0.08, -0.0, 0.94]	[-0.08, 0.0, 0.88]
393	[0.3, -0.02, -0.68, 0.08, -0.06, 0.02, -1.0]	[-0.05, 0.05, 1.02]	[0.05, -0.22, 0.81]	[-0.08, -0.0, 0.94]	[-0.08, 0.0, 0.88]
394	[0.2, -0.02, -0.71, 0.09, -0.06, 0.02, -1.0]	[-0.05, 0.05, 1.01]	[0.05, -0.22, 0.81]	[-0.08, -0.0, 0.94]	[-0.08, 0.0, 0.88]
395	[0.12, -0.01, -0.5, 0.08, -0.06, 0.02, -1.0]	[-0.05, 0.05, 1.0]	[0.05, -0.22, 0.81]	[-0.08, -0.0, 0.94]	[-0.08, 0.0, 0.88]
396	[0.07, 0.01, -0.45, 0.08, -0.06, 0.01, -1.0]	[-0.05, 0.05, 0.99]	[0.05, -0.22, 0.81]	[-0.08, -0.0, 0.94]	[-0.08, 0.0, 0.88]
397	[0.14, 0.11, -0.11, 0.08, -0.05, 0.01, -1.0]	[-0.05, 0.05, 0.98]	[0.05, -0.22, 0.81]	[-0.08, 0.0, 0.94]	[-0.08, 0.0, 0.88]
398	[0.02, 0.08, -0.04, 0.07, -0.05, 0.01, -1.0]	[-0.05, 0.05, 0.98]	[0.05, -0.22, 0.81]	[-0.08, 0.0, 0.94]	[-0.08, 0.0, 0.88]
399	[0.03, 0.21, 0.33, 0.06, -0.04, 0.0, -1.0]	[-0.04, 0.05, 0.98]	[0.05, -0.22, 0.81]	[-0.08, 0.0, 0.94]	[-0.08, 0.0, 0.88]
400	[0.0, 0.21, 0.34, 0.04, -0.04, -0.0, -1.0]	[-0.04, 0.05, 0.98]	[0.05, -0.22, 0.81]	[-0.08, 0.0, 0.94]	[-0.08, 0.0, 0.88]
401	[0.08, 0.32, 0.62, 0.02, -0.04, -0.0, -1.0]	[-0.04, 0.05, 0.98]	[0.05, -0.22, 0.81]	[-0.08, 0.0, 0.94]	[-0.08, 0.0, 0.88]
402	[0.13, 0.21, 0.48, 0.01, -0.03, -0.0, -1.0]	[-0.04, 0.06, 0.99]	[0.05, -0.22, 0.81]	[-0.08, 0.0, 0.94]	[-0.08, 0.0, 0.88]
403	[0.19, 0.16, 0.44, 0.0, -0.02, -0.0, -1.0]	[-0.04, 0.06, 1.0]	[0.05, -0.22, 0.81]	[-0.08, 0.0, 0.94]	[-0.08, 0.0, 0.88]
404	[0.16, 0.13, 0.27, 0.0, -0.02, -0.0, -1.0]	[-0.04, 0.06, 1.0]	[0.05, -0.22, 0.81]	[-0.08, 0.0, 0.94]	[-0.08, 0.0, 0.88]
405	[0.25, 0.08, 0.18, 0.0, -0.01, -0.0, -1.0]	[-0.03, 0.06, 1.01]	[0.05, -0.22, 0.81]	[-0.08, 0.0, 0.94]	[-0.08, 0.0, 0.88]
406	[0.24, 0.05, 0.14, 0.01, -0.0, 0.0, -1.0]	[-0.03, 0.07, 1.01]	[0.05, -0.22, 0.81]	[-0.08, 0.0, 0.94]	[-0.08, 0.0, 0.88]
407	[0.31, -0.01, 0.18, 0.01, -0.0, 0.01, -1.0]	[-0.03, 0.07, 1.01]	[0.05, -0.22, 0.81]	[-0.08, 0.0, 0.94]	[-0.08, 0.0, 0.88]
408	[0.34, -0.1, 0.2, 0.01, -0.0, 0.03, -1.0]	[-0.03, 0.07, 1.02]	[0.05, -0.22, 0.81]	[-0.08, 0.0, 0.94]	[-0.08, 0.0, 0.88]
409	[0.32, -0.21, 0.14, 0.03, -0.02, 0.06, -1.0]	[-0.02, 0.07, 1.02]	[0.05, -0.22, 0.81]	[-0.08, 0.0, 0.94]	[-0.08, 0.0, 0.88]
410	[0.38, -0.25, 0.14, 0.04, -0.01, 0.09, -1.0]	[-0.02, 0.06, 1.02]	[0.05, -0.22, 0.81]	[-0.08, 0.0, 0.94]	[-0.08, 0.0, 0.88]
411	[0.36, -0.24, 0.04, 0.06, -0.02, 0.12, -1.0]	[-0.02, 0.06, 1.02]	[0.05, -0.22, 0.81]	[-0.08, 0.0, 0.94]	[-0.08, 0.0, 0.88]
412	[0.35, -0.31, 0.15, 0.07, -0.01, 0.14, -1.0]	[-0.01, 0.06, 1.02]	[0.05, -0.22, 0.81]	[-0.08, 0.0, 0.94]	[-0.08, 0.0, 0.88]
413	[0.39, -0.3, 0.33, 0.08, -0.0, 0.16, -1.0]	[-0.01, 0.06, 1.03]	[0.05, -0.22, 0.81]	[-0.08, 0.0, 0.94]	[-0.08, 0.0, 0.88]
414	[0.27, -0.39, 0.29, 0.09, -0.01, 0.17, -1.0]	[-0.01, 0.05, 1.03]	[0.05, -0.22, 0.81]	[-0.08, 0.0, 0.94]	[-0.08, 0.0, 0.88]
415	[0.14, -0.47, 0.33, 0.1, -0.0, 0.18, -1.0]	[-0.0, 0.05, 1.03]	[0.05, -0.22, 0.81]	[-0.08, 0.0, 0.94]	[-0.08, 0.0, 0.88]
416	[0.16, -0.59, 0.16, 0.12, -0.02, 0.2, -1.0]	[-0.0, 0.04, 1.04]	[0.05, -0.22, 0.81]	[-0.08, 0.0, 0.94]	[-0.08, 0.0, 0.88]
417	[0.14, -0.56, 0.34, 0.13, -0.02, 0.21, -1.0]	[0.0, 0.04, 1.04]	[0.05, -0.22, 0.81]	[-0.08, 0.0, 0.94]	[-0.08, 0.0, 0.88]
418	[0.05, -0.61, 0.23, 0.13, -0.05, 0.23, -1.0]	[0.0, 0.03, 1.04]	[0.05, -0.22, 0.81]	[-0.08, 0.0, 0.94]	[-0.08, 0.0, 0.88]
419	[0.23, -0.68, 0.2, 0.12, -0.07, 0.24, -1.0]	[0.01, 0.02, 1.05]	[0.05, -0.22, 0.81]	[-0.08, 0.0, 0.94]	[-0.08, 0.0, 0.88]
420	[0.04, -0.81, -0.12, 0.13, -0.08, 0.25, -1.0]	[0.01, 0.01, 1.05]	[0.05, -0.22, 0.81]	[-0.08, 0.0, 0.94]	[-0.08, 0.0, 0.88]
421	[0.11, -1.0, -0.28, 0.14, -0.11, 0.26, -1.0]	[0.01, 0.0, 1.05]	[0.05, -0.22, 0.81]	[-0.08, 0.0, 0.94]	[-0.08, 0.0, 0.88]
422	[0.16, -1.0, -0.48, 0.14, -0.14, 0.28, -1.0]	[0.01, -0.01, 1.05]	[0.05, -0.22, 0.81]	[-0.08, 0.0, 0.94]	[-0.08, 0.0, 0.88]
423	[0.13, -1.0, -0.64, 0.14, -0.18, 0.31, -1.0]	[0.02, -0.02, 1.04]	[0.05, -0.22, 0.81]	[-0.08, 0.0, 0.94]	[-0.08, 0.0, 0.88]
424	[0.11, -1.0, -0.65, 0.16, -0.19, 0.3, -1.0]	[0.02, -0.03, 1.04]	[0.05, -0.22, 0.81]	[-0.08, 0.0, 0.94]	[-0.08, 0.0, 0.88]
425	[0.03, -1.0, -0.48, 0.16, -0.21, 0.3, -1.0]	[0.03, -0.05, 1.03]	[0.05, -0.22, 0.81]	[-0.08, 0.0, 0.94]	[-0.08, 0.0, 0.88]
426	[-0.02, -1.0, -0.17, 0.14, -0.22, 0.3, -1.0]	[0.03, -0.06, 1.02]	[0.05, -0.22, 0.81]	[-0.08, 0.0, 0.94]	[-0.08, 0.0, 0.88]
427	[-0.04, -1.0, -0.08, 0.13, -0.24, 0.29, -1.0]	[0.03, -0.07, 1.02]	[0.05, -0.22, 0.81]	[-0.08, 0.0, 0.94]	[-0.08, 0.0, 0.88]
428	[-0.23, -0.96, -0.22, 0.12, -0.26, 0.28, -1.0]	[0.04, -0.08, 1.02]	[0.05, -0.22, 0.81]	[-0.08, 0.0, 0.94]	[-0.08, 0.0, 0.88]
429	[-0.28, -0.88, -0.4, 0.14, -0.26, 0.26, -1.0]	[0.04, -0.1, 1.02]	[0.05, -0.22, 0.81]	[-0.08, 0.0, 0.94]	[-0.08, 0.0, 0.88]
430	[-0.4, -0.82, -0.45, 0.14, -0.27, 0.24, -1.0]	[0.04, -0.11, 1.01]	[0.05, -0.22, 0.81]	[-0.08, 0.0, 0.94]	[-0.08, 0.0, 0.88]
431	[-0.6, -0.65, -0.26, 0.13, -0.28, 0.22, -1.0]	[0.04, -0.12, 1.01]	[0.05, -0.22, 0.81]	[-0.08, 0.0, 0.94]	[-0.08, 0.0, 0.88]
432	[-0.51, -0.6, -0.18, 0.11, -0.3, 0.2, -1.0]	[0.04, -0.13, 1.0]	[0.05, -0.22, 0.81]	[-0.08, 0.0, 0.94]	[-0.08, 0.0, 0.88]
433	[-0.65, -0.36, -0.18, 0.09, -0.33, 0.19, -1.0]	[0.04, -0.14, 1.0]	[0.05, -0.22, 0.81]	[-0.08, 0.0, 0.94]	[-0.08, 0.0, 0.88]
434	[-0.28, -0.57, -0.3, 0.07, -0.33, 0.17, -1.0]	[0.04, -0.14, 1.0]	[0.05, -0.22, 0.81]	[-0.08, 0.0, 0.94]	[-0.08, 0.0, 0.88]
435	[-0.25, -0.38, -0.44, 0.08, -0.31, 0.16, -1.0]	[0.04, -0.15, 1.0]	[0.05, -0.22, 0.81]	[-0.08, 0.0, 0.94]	[-0.08, 0.0, 0.88]
436	[0.04, -0.62, -0.43, 0.09, -0.27, 0.16, -1.0]	[0.04, -0.16, 0.99]	[0.05, -0.22, 0.81]	[-0.08, 0.0, 0.94]	[-0.08, 0.0, 0.88]
437	[-0.05, -0.12, -0.28, 0.08, -0.24, 0.15, -1.0]	[0.04, -0.16, 0.99]	[0.05, -0.22, 0.81]	[-0.08, 0.0, 0.94]	[-0.08, 0.0, 0.88]
438	[-0.09, -0.44, -0.23, 0.08, -0.2, 0.13, -1.0]	[0.03, -0.17, 0.99]	[0.05, -0.22, 0.81]	[-0.08, 0.0, 0.94]	[-0.08, 0.0, 0.88]
439	[-0.23, -0.01, -0.34, 0.08, -0.17, 0.12, -1.0]	[0.03, -0.17, 0.98]	[0.05, -0.22, 0.81]	[-0.08, 0.0, 0.94]	[-0.08, 0.0, 0.88]
440	[-0.24, -0.33, -0.33, 0.08, -0.16, 0.1, -1.0]	[0.03, -0.18, 0.98]	[0.05, -0.22, 0.81]	[-0.08, 0.0, 0.94]	[-0.08, 0.0, 0.88]
441	[-0.07, 0.11, -0.25, 0.08, -0.14, 0.09, -1.0]	[0.02, -0.18, 0.97]	[0.05, -0.22, 0.81]	[-0.08, 0.0, 0.94]	[-0.08, 0.0, 0.88]
442	[0.15, -0.21, -0.34, 0.07, -0.13, 0.1, -1.0]	[0.02, -0.18, 0.97]	[0.05, -0.22, 0.81]	[-0.08, 0.0, 0.94]	[-0.08, 0.0, 0.88]
443	[0.33, 0.34, -0.36, 0.07, -0.12, 0.1, -1.0]	[0.02, -0.18, 0.96]	[0.05, -0.22, 0.81]	[-0.08, 0.0, 0.94]	[-0.08, 0.0, 0.88]
444	[0.19, -0.22, -0.67, 0.09, -0.1, 0.1, -1.0]	[0.02, -0.18, 0.96]	[0.05, -0.22, 0.81]	[-0.08, 0.0, 0.94]	[-0.08, 0.0, 0.88]
445	[0.25, 0.36, -0.44, 0.09, -0.07, 0.09, -1.0]	[0.02, -0.18, 0.95]	[0.05, -0.22, 0.81]	[-0.08, 0.0, 0.94]	[-0.08, 0.0, 0.88]
446	[0.13, -0.18, -0.62, 0.1, -0.07, 0.08, -1.0]	[0.01, -0.18, 0.94]	[0.05, -0.22, 0.81]	[-0.08, 0.0, 0.94]	[-0.08, 0.0, 0.88]
447	[0.42, 0.2, -0.37, 0.1, -0.06, 0.08, -1.0]	[0.01, -0.18, 0.93]	[0.05, -0.22, 0.81]	[-0.08, 0.0, 0.94]	[-0.08, 0.0, 0.88]
448	[0.38, -0.18, -0.51, 0.11, -0.06, 0.08, -1.0]	[0.01, -0.18, 0.93]	[0.05, -0.22, 0.81]	[-0.08, 0.0, 0.94]	[-0.08, 0.0, 0.88]
449	[0.52, 0.05, -0.34, 0.1, -0.06, 0.08, -1.0]	[0.02, -0.18, 0.92]	[0.05, -0.22, 0.81]	[-0.08, 0.0, 0.94]	[-0.08, 0.0, 0.88]
450	[0.46, -0.04, -0.3, 0.09, -0.04, 0.08, -1.0]	[0.02, -0.18, 0.91]	[0.05, -0.22, 0.81]	[-0.08, 0.0, 0.94]	[-0.08, 0.0, 0.88]
451	[0.56, 0.22, -0.3, 0.09, -0.04, 0.09, -1.0]	[0.02, -0.18, 0.91]	[0.05, -0.22, 0.81]	[-0.08, 0.0, 0.94]	[-0.08, 0.0, 0.88]
452	[0.51, 0.13, -0.19, 0.09, -0.03, 0.09, -1.0]	[0.03, -0.17, 0.9]	[0.05, -0.22, 0.81]	[-0.08, 0.0, 0.94]	[-0.08, 0.0, 0.88]
453	[0.41, 0.4, -0.02, 0.08, -0.03, 0.09, -1.0]	[0.03, -0.17, 0.9]	[0.05, -0.22, 0.81]	[-0.08, 0.0, 0.94]	[-0.08, 0.0, 0.88]
454	[0.4, 0.27, -0.14, 0.08, -0.04, 0.08, -1.0]	[0.03, -0.17, 0.9]	[0.05, -0.22, 0.81]	[-0.08, 0.0, 0.94]	[-0.08, 0.0, 0.88]
455	[0.4, 0.39, -0.17, 0.07, -0.03, 0.09, -1.0]	[0.04, -0.17, 0.89]	[0.05, -0.22, 0.81]	[-0.08, 0.0, 0.94]	[-0.08, 0.0, 0.88]
456	[0.63, 0.24, -0.11, 0.07, -0.03, 0.09, -1.0]	[0.04, -0.16, 0.89]	[0.05, -0.22, 0.81]	[-0.08, 0.0, 0.94]	[-0.08, 0.0, 0.88]
457	[0.43, 0.32, -0.05, 0.07, -0.02, 0.09, -1.0]	[0.05, -0.16, 0.89]	[0.05, -0.22, 0.81]	[-0.08, 0.0, 0.94]	[-0.08, 0.0, 0.88]
458	[0.34, -0.05, -0.11, 0.07, -0.02, 0.08, -1.0]	[0.05, -0.15, 0.89]	[0.05, -0.22, 0.81]	[-0.08, 0.0, 0.94]	[-0.08, 0.0, 0.88]
459	[0.15, -0.07, -0.16, 0.06, -0.01, 0.06, -1.0]	[0.06, -0.15, 0.89]	[0.05, -0.22, 0.81]	[-0.08, 0.0, 0.94]	[-0.08, 0.0, 0.88]
460	[0.19, -0.31, -0.18, 0.06, -0.01, 0.06, -1.0]	[0.06, -0.15, 0.88]	[0.05, -0.22, 0.81]	[-0.08, 0.0, 0.94]	[-0.08, 0.0, 0.88]
461	[0.22, -0.27, -0.42, 0.05, -0.01, 0.04, -1.0]	[0.06, -0.15, 0.88]	[0.05, -0.22, 0.81]	[-0.08, 0.0, 0.94]	[-0.08, 0.0, 0.88]
462	[0.08, -0.47, -0.26, 0.05, -0.02, 0.04, -1.0]	[0.07, -0.16, 0.88]	[0.05, -0.22, 0.81]	[-0.08, 0.0, 0.94]	[-0.08, 0.0, 0.88]
463	[0.03, -0.35, -0.14, 0.04, -0.02, 0.03, -1.0]	[0.07, -0.16, 0.87]	[0.05, -0.22, 0.81]	[-0.08, 0.0, 0.94]	[-0.08, 0.0, 0.88]
464	[0.07, -0.54, -0.17, 0.04, -0.03, 0.03, -1.0]	[0.07, -0.17, 0.87]	[0.05, -0.22, 0.81]	[-0.08, 0.0, 0.94]	[-0.08, 0.0, 0.88]
465	[0.22, -0.34, -0.24, 0.03, -0.04, 0.03, -1.0]	[0.07, -0.17, 0.87]	[0.05, -0.22, 0.81]	[-0.08, 0.0, 0.94]	[-0.08, 0.0, 0.88]
466	[0.17, -0.51, -0.18, 0.03, -0.04, 0.03, -1.0]	[0.07, -0.18, 0.87]	[0.05, -0.22, 0.81]	[-0.08, 0.0, 0.94]	[-0.08, 0.0, 0.88]
467	[0.18, -0.3, -0.45, 0.02, -0.04, 0.03, -1.0]	[0.08, -0.18, 0.86]	[0.05, -0.22, 0.81]	[-0.08, 0.0, 0.94]	[-0.08, 0.0, 0.88]
468	[0.06, -0.45, -0.29, 0.02, -0.04, 0.02, -1.0]	[0.08, -0.19, 0.86]	[0.05, -0.22, 0.81]	[-0.08, 0.0, 0.94]	[-0.08, 0.0, 0.88]
469	[0.03, -0.13, -0.36, 0.02, -0.04, 0.02, -1.0]	[0.08, -0.19, 0.85]	[0.05, -0.22, 0.81]	[-0.08, 0.0, 0.94]	[-0.08, 0.0, 0.88]
470	[-0.02, -0.32, -0.36, 0.02, -0.05, 0.01, -1.0]	[0.08, -0.2, 0.85]	[0.05, -0.22, 0.81]	[-0.08, 0.0, 0.94]	[-0.08, 0.0, 0.88]
471	[-0.07, 0.08, -0.24, 0.02, -0.04, 0.01, -1.0]	[0.08, -0.2, 0.85]	[0.05, -0.22, 0.81]	[-0.08, 0.0, 0.94]	[-0.08, 0.0, 0.88]
472	[-0.11, -0.21, -0.43, 0.02, -0.04, -0.0, -1.0]	[0.08, -0.2, 0.84]	[0.05, -0.22, 0.81]	[-0.08, 0.0, 0.94]	[-0.08, 0.0, 0.88]
473	[-0.28, 0.05, -0.29, 0.02, -0.04, -0.01, -1.0]	[0.08, -0.21, 0.84]	[0.05, -0.22, 0.81]	[-0.08, 0.0, 0.94]	[-0.08, 0.0, 0.88]
474	[-0.38, -0.09, -0.4, 0.02, -0.04, -0.02, -1.0]	[0.08, -0.21, 0.83]	[0.05, -0.22, 0.81]	[-0.08, 0.0, 0.94]	[-0.08, 0.0, 0.88]
475	[-0.52, 0.09, -0.29, 0.02, -0.04, -0.03, -1.0]	[0.08, -0.21, 0.83]	[0.05, -0.22, 0.81]	[-0.08, 0.0, 0.94]	[-0.08, 0.0, 0.88]
476	[-0.43, -0.02, -0.21, 0.01, -0.05, -0.04, -1.0]	[0.07, -0.21, 0.83]	[0.05, -0.22, 0.81]	[-0.08, 0.0, 0.94]	[-0.08, 0.0, 0.88]
477	[-0.4, 0.03, -0.04, 0.01, -0.05, -0.05, -1.0]	[0.07, -0.21, 0.83]	[0.05, -0.22, 0.81]	[-0.08, 0.0, 0.94]	[-0.08, 0.0, 0.88]
478	[-0.33, -0.03, 0.09, -0.0, -0.05, -0.05, -1.0]	[0.07, -0.21, 0.82]	[0.05, -0.22, 0.81]	[-0.08, 0.0, 0.94]	[-0.08, 0.0, 0.88]
479	[-0.29, 0.0, 0.06, -0.01, -0.05, -0.05, -1.0]	[0.06, -0.21, 0.83]	[0.05, -0.22, 0.81]	[-0.08, 0.0, 0.94]	[-0.08, 0.0, 0.88]
480	[-0.2, -0.08, 0.03, -0.01, -0.04, -0.04, -1.0]	[0.06, -0.21, 0.83]	[0.05, -0.22, 0.81]	[-0.08, 0.0, 0.94]	[-0.08, 0.0, 0.88]
481	[-0.2, -0.07, -0.08, -0.01, -0.04, -0.04, -1.0]	[0.06, -0.21, 0.83]	[0.05, -0.22, 0.81]	[-0.08, 0.0, 0.94]	[-0.08, 0.0, 0.88]
482	[-0.2, -0.06, -0.1, -0.01, -0.03, -0.04, -1.0]	[0.05, -0.21, 0.83]	[0.05, -0.22, 0.81]	[-0.08, 0.0, 0.94]	[-0.08, 0.0, 0.88]
483	[-0.29, 0.01, -0.24, -0.0, -0.02, -0.04, -1.0]	[0.05, -0.21, 0.83]	[0.05, -0.22, 0.81]	[-0.08, 0.0, 0.94]	[-0.08, 0.0, 0.88]
484	[-0.19, -0.03, -0.13, 0.0, -0.02, -0.04, -1.0]	[0.05, -0.21, 0.82]	[0.05, -0.22, 0.81]	[-0.08, 0.0, 0.94]	[-0.08, 0.0, 0.88]
485	[-0.16, 0.01, -0.19, 0.01, -0.02, -0.04, -1.0]	[0.04, -0.21, 0.82]	[0.05, -0.22, 0.81]	[-0.08, 0.0, 0.94]	[-0.08, 0.0, 0.88]
486	[-0.09, 0.02, -0.23, 0.02, -0.02, -0.04, -1.0]	[0.04, -0.21, 0.82]	[0.05, -0.22, 0.81]	[-0.08, 0.0, 0.94]	[-0.08, 0.0, 0.88]
487	[-0.06, 0.13, -0.26, 0.03, -0.01, -0.03, -1.0]	[0.04, -0.21, 0.82]	[0.05, -0.22, 0.81]	[-0.08, 0.0, 0.94]	[-0.08, 0.0, 0.88]
488	[-0.01, 0.17, -0.08, 0.03, -0.02, -0.02, -1.0]	[0.04, -0.21, 0.81]	[0.05, -0.22, 0.81]	[-0.08, 0.0, 0.94]	[-0.08, 0.0, 0.88]
489	[-0.04, 0.23, -0.02, 0.03, -0.02, -0.01, -1.0]	[0.04, -0.21, 0.81]	[0.05, -0.22, 0.81]	[-0.08, 0.0, 0.94]	[-0.08, 0.0, 0.88]
490	[-0.05, 0.18, -0.05, 0.04, -0.02, -0.01, -1.0]	[0.04, -0.21, 0.81]	[0.05, -0.22, 0.81]	[-0.08, 0.0, 0.94]	[-0.08, 0.0, 0.88]
491	[-0.01, 0.21, -0.12, 0.04, -0.02, -0.0, -1.0]	[0.03, -0.21, 0.81]	[0.05, -0.22, 0.81]	[-0.08, 0.0, 0.94]	[-0.08, 0.0, 0.88]
492	[0.05, 0.11, -0.07, 0.04, -0.03, 0.01, -1.0]	[0.03, -0.21, 0.81]	[0.05, -0.22, 0.81]	[-0.08, 0.0, 0.94]	[-0.08, 0.0, 0.88]
493	[0.05, 0.1, -0.07, 0.04, -0.03, 0.01, -1.0]	[0.03, -0.21, 0.81]	[0.05, -0.22, 0.81]	[-0.08, 0.0, 0.94]	[-0.08, 0.0, 0.88]
494	[0.09, 0.06, -0.04, 0.04, -0.03, 0.01, -1.0]	[0.04, -0.21, 0.81]	[0.05, -0.22, 0.81]	[-0.08, 0.0, 0.94]	[-0.08, 0.0, 0.88]
495	[0.22, 0.11, 0.06, 0.04, -0.03, 0.02, -1.0]	[0.04, -0.21, 0.81]	[0.05, -0.22, 0.81]	[-0.08, 0.0, 0.94]	[-0.08, 0.0, 0.88]
496	[0.12, 0.04, 0.06, 0.03, -0.03, 0.03, -1.0]	[0.04, -0.21, 0.81]	[0.05, -0.22, 0.81]	[-0.08, 0.0, 0.94]	[-0.08, 0.0, 0.88]
497	[0.11, 0.04, 0.08, 0.03, -0.03, 0.03, -1.0]	[0.04, -0.2, 0.81]	[0.05, -0.22, 0.81]	[-0.08, 0.0, 0.94]	[-0.08, 0.0, 0.88]
498	[0.04, 0.02, 0.08, 0.02, -0.03, 0.02, 1.0]	[0.04, -0.2, 0.81]	[0.05, -0.22, 0.81]	[-0.08, 0.0, 0.94]	[-0.08, 0.0, 0.88]
499	[-0.02, 0.01, -0.02, 0.01, -0.03, 0.02, 1.0]	[0.04, -0.2, 0.81]	[0.05, -0.22, 0.81]	[-0.08, 0.0, 0.94]	[-0.08, 0.0, 0.88]
500	[0.07, -0.07, -0.18, 0.02, -0.04, 0.02, 1.0]	[0.04, -0.2, 0.81]	[0.05, -0.22, 0.81]	[-0.08, 0.0, 0.94]	[-0.08, 0.0, 0.88]
501	[0.18, -0.07, -0.15, 0.02, -0.02, 0.02, 1.0]	[0.04, -0.2, 0.81]	[0.05, -0.22, 0.81]	[-0.08, 0.0, 0.94]	[-0.08, 0.0, 0.88]
502	[0.03, -0.02, 0.12, 0.01, -0.01, 0.01, 1.0]	[0.04, -0.21, 0.81]	[0.05, -0.22, 0.81]	[-0.08, 0.0, 0.94]	[-0.08, 0.0, 0.88]
503	[0.05, -0.08, -0.02, 0.01, -0.01, 0.01, 1.0]	[0.04, -0.21, 0.81]	[0.05, -0.22, 0.82]	[-0.08, 0.0, 0.94]	[-0.08, 0.0, 0.88]
504	[0.06, -0.06, 0.02, 0.01, -0.0, 0.01, 1.0]	[0.04, -0.21, 0.81]	[0.05, -0.22, 0.82]	[-0.08, 0.0, 0.94]	[-0.08, 0.0, 0.88]
505	[0.04, -0.02, -0.06, 0.01, -0.0, 0.01, 1.0]	[0.05, -0.21, 0.81]	[0.04, -0.22, 0.82]	[-0.08, 0.0, 0.94]	[-0.08, 0.0, 0.88]
506	[0.03, -0.0, 0.02, 0.01, 0.0, 0.01, 1.0]	[0.05, -0.21, 0.81]	[0.04, -0.22, 0.81]	[-0.08, 0.0, 0.94]	[-0.08, 0.0, 0.88]
507	[0.04, 0.08, 0.08, 0.01, 0.0, 0.01, 1.0]	[0.05, -0.21, 0.81]	[0.04, -0.22, 0.81]	[-0.08, 0.0, 0.94]	[-0.08, 0.0, 0.88]
508	[0.03, 0.08, 0.08, 0.01, 0.0, 0.01, 1.0]	[0.05, -0.21, 0.81]	[0.04, -0.22, 0.82]	[-0.08, 0.0, 0.94]	[-0.08, 0.0, 0.88]
509	[0.06, 0.16, 0.13, 0.0, -0.0, 0.01, 1.0]	[0.05, -0.21, 0.81]	[0.04, -0.22, 0.82]	[-0.08, 0.0, 0.94]	[-0.08, 0.0, 0.88]
510	[-0.0, 0.14, 0.16, 0.0, 0.0, 0.0, 1.0]	[0.05, -0.21, 0.81]	[0.04, -0.22, 0.82]	[-0.08, 0.0, 0.94]	[-0.08, 0.0, 0.88]
511	[-0.07, 0.2, 0.28, -0.01, 0.01, -0.0, 1.0]	[0.05, -0.2, 0.82]	[0.04, -0.22, 0.82]	[-0.08, 0.0, 0.94]	[-0.08, 0.0, 0.88]
512	[-0.16, 0.21, 0.67, -0.01, 0.02, -0.01, 1.0]	[0.05, -0.2, 0.82]	[0.04, -0.21, 0.82]	[-0.08, 0.0, 0.94]	[-0.08, 0.0, 0.88]
513	[-0.22, 0.35, 0.92, -0.03, 0.04, -0.01, 1.0]	[0.05, -0.2, 0.82]	[0.04, -0.21, 0.83]	[-0.08, 0.0, 0.94]	[-0.08, 0.0, 0.88]
514	[-0.32, 0.33, 1.0, -0.04, 0.05, -0.02, 1.0]	[0.04, -0.2, 0.84]	[0.04, -0.21, 0.84]	[-0.08, 0.0, 0.94]	[-0.08, 0.0, 0.88]
515	[-0.43, 0.41, 1.0, -0.06, 0.06, -0.02, 1.0]	[0.04, -0.2, 0.85]	[0.04, -0.21, 0.85]	[-0.08, 0.0, 0.94]	[-0.08, 0.0, 0.88]
516	[-0.52, 0.45, 1.0, -0.07, 0.07, -0.03, 1.0]	[0.04, -0.19, 0.86]	[0.03, -0.2, 0.87]	[-0.08, 0.0, 0.94]	[-0.08, 0.0, 0.88]
517	[-0.52, 0.56, 1.0, -0.08, 0.08, -0.03, 1.0]	[0.03, -0.19, 0.88]	[0.03, -0.2, 0.88]	[-0.08, 0.0, 0.94]	[-0.08, 0.0, 0.88]
518	[-0.44, 0.51, 1.0, -0.08, 0.09, -0.02, 1.0]	[0.02, -0.19, 0.89]	[0.02, -0.2, 0.89]	[-0.08, 0.0, 0.94]	[-0.08, 0.0, 0.88]
519	[-0.48, 0.52, 1.0, -0.08, 0.1, -0.02, 1.0]	[0.02, -0.18, 0.9]	[0.01, -0.19, 0.91]	[-0.08, 0.0, 0.94]	[-0.08, 0.0, 0.88]
520	[-0.45, 0.5, 1.0, -0.07, 0.11, -0.02, 1.0]	[0.01, -0.17, 0.91]	[0.01, -0.19, 0.92]	[-0.08, 0.0, 0.94]	[-0.08, 0.0, 0.88]
521	[-0.44, 0.43, 1.0, -0.07, 0.12, -0.01, 1.0]	[0.0, -0.17, 0.93]	[-0.0, -0.18, 0.93]	[-0.08, 0.0, 0.94]	[-0.08, 0.0, 0.88]
522	[-0.38, 0.48, 1.0, -0.06, 0.12, -0.01, 1.0]	[-0.01, -0.16, 0.94]	[-0.01, -0.17, 0.94]	[-0.08, 0.0, 0.94]	[-0.08, 0.0, 0.88]
523	[-0.39, 0.37, 0.93, -0.05, 0.13, -0.0, 1.0]	[-0.01, -0.16, 0.95]	[-0.02, -0.17, 0.96]	[-0.08, 0.0, 0.94]	[-0.08, 0.0, 0.88]
524	[-0.44, 0.41, 0.87, -0.04, 0.14, -0.0, 1.0]	[-0.02, -0.15, 0.96]	[-0.02, -0.16, 0.97]	[-0.08, 0.0, 0.94]	[-0.08, 0.0, 0.88]
525	[-0.5, 0.24, 0.66, -0.04, 0.14, -0.0, 1.0]	[-0.03, -0.14, 0.97]	[-0.03, -0.15, 0.98]	[-0.08, 0.0, 0.94]	[-0.08, 0.0, 0.88]
526	[-0.61, 0.32, 0.66, -0.03, 0.13, -0.01, 1.0]	[-0.03, -0.14, 0.98]	[-0.04, -0.15, 0.99]	[-0.08, 0.0, 0.94]	[-0.08, 0.0, 0.88]
527	[-0.5, 0.16, 0.62, -0.03, 0.12, -0.01, 1.0]	[-0.04, -0.13, 0.99]	[-0.05, -0.14, 1.0]	[-0.08, 0.0, 0.94]	[-0.08, 0.0, 0.88]
528	[-0.37, 0.1, 0.48, -0.02, 0.12, -0.01, 1.0]	[-0.05, -0.13, 1.0]	[-0.05, -0.14, 1.0]	[-0.08, 0.0, 0.94]	[-0.08, 0.0, 0.88]
529	[-0.32, 0.1, 0.41, -0.02, 0.12, -0.0, 1.0]	[-0.06, -0.13, 1.01]	[-0.06, -0.14, 1.01]	[-0.08, 0.0, 0.94]	[-0.08, 0.0, 0.88]
530	[-0.36, 0.03, 0.36, -0.01, 0.11, 0.0, 1.0]	[-0.06, -0.12, 1.01]	[-0.07, -0.14, 1.02]	[-0.08, 0.0, 0.94]	[-0.08, 0.0, 0.88]
531	[-0.36, 0.08, 0.32, -0.0, 0.11, 0.0, 1.0]	[-0.07, -0.12, 1.02]	[-0.07, -0.13, 1.02]	[-0.08, 0.0, 0.94]	[-0.08, 0.0, 0.88]
532	[-0.14, 0.02, 0.4, -0.01, 0.1, 0.0, 1.0]	[-0.08, -0.12, 1.02]	[-0.08, -0.13, 1.02]	[-0.08, 0.0, 0.94]	[-0.08, 0.0, 0.88]
533	[-0.22, 0.04, 0.37, -0.01, 0.1, 0.0, 1.0]	[-0.08, -0.12, 1.02]	[-0.08, -0.13, 1.03]	[-0.08, 0.0, 0.94]	[-0.08, 0.0, 0.88]
534	[0.08, -0.12, 0.26, -0.02, 0.1, 0.0, 1.0]	[-0.08, -0.12, 1.03]	[-0.09, -0.13, 1.03]	[-0.08, 0.0, 0.94]	[-0.08, 0.0, 0.88]
535	[-0.17, -0.03, 0.3, -0.02, 0.09, 0.0, 1.0]	[-0.09, -0.12, 1.03]	[-0.09, -0.13, 1.04]	[-0.08, 0.0, 0.94]	[-0.08, 0.0, 0.88]
536	[-0.1, -0.24, 0.15, -0.02, 0.09, 0.0, 1.0]	[-0.09, -0.12, 1.03]	[-0.09, -0.13, 1.04]	[-0.08, 0.0, 0.95]	[-0.08, 0.0, 0.88]
537	[-0.19, -0.08, 0.16, -0.02, 0.08, 0.0, 1.0]	[-0.09, -0.12, 1.04]	[-0.09, -0.13, 1.04]	[-0.08, -0.0, 0.95]	[-0.08, 0.0, 0.88]
538	[-0.16, -0.3, 0.02, -0.02, 0.08, -0.0, 1.0]	[-0.09, -0.12, 1.04]	[-0.1, -0.13, 1.04]	[-0.08, -0.0, 0.95]	[-0.08, 0.0, 0.88]
539	[-0.25, -0.06, 0.09, -0.02, 0.07, -0.0, 1.0]	[-0.1, -0.13, 1.04]	[-0.1, -0.14, 1.04]	[-0.08, 0.0, 0.95]	[-0.08, 0.0, 0.88]
540	[-0.17, -0.26, 0.11, -0.02, 0.07, -0.0, 1.0]	[-0.1, -0.13, 1.04]	[-0.1, -0.14, 1.05]	[-0.08, 0.0, 0.95]	[-0.08, 0.0, 0.88]
541	[-0.23, -0.03, 0.16, -0.02, 0.06, -0.0, 1.0]	[-0.1, -0.13, 1.04]	[-0.1, -0.14, 1.05]	[-0.08, 0.0, 0.95]	[-0.08, 0.0, 0.88]
542	[-0.17, -0.16, 0.15, -0.02, 0.06, -0.0, 1.0]	[-0.1, -0.13, 1.04]	[-0.11, -0.14, 1.05]	[-0.08, 0.0, 0.95]	[-0.08, 0.0, 0.88]
543	[-0.17, 0.0, 0.2, -0.02, 0.05, -0.0, 1.0]	[-0.11, -0.13, 1.04]	[-0.11, -0.14, 1.05]	[-0.08, 0.0, 0.95]	[-0.08, 0.0, 0.88]
544	[-0.15, -0.1, 0.15, -0.01, 0.05, -0.0, 1.0]	[-0.11, -0.13, 1.05]	[-0.11, -0.14, 1.05]	[-0.08, 0.0, 0.95]	[-0.08, 0.0, 0.88]
545	[-0.2, 0.01, 0.09, -0.01, 0.04, -0.0, 1.0]	[-0.11, -0.13, 1.05]	[-0.11, -0.14, 1.05]	[-0.08, 0.0, 0.95]	[-0.08, 0.0, 0.88]
546	[-0.2, -0.1, -0.02, -0.01, 0.04, -0.0, 1.0]	[-0.11, -0.13, 1.05]	[-0.11, -0.14, 1.06]	[-0.08, 0.0, 0.95]	[-0.08, 0.0, 0.88]
547	[-0.02, -0.03, -0.03, -0.01, 0.03, -0.0, 1.0]	[-0.12, -0.13, 1.05]	[-0.12, -0.14, 1.06]	[-0.08, 0.0, 0.95]	[-0.08, 0.0, 0.88]
548	[0.17, -0.18, -0.12, -0.01, 0.02, 0.0, 1.0]	[-0.12, -0.14, 1.05]	[-0.12, -0.15, 1.06]	[-0.08, 0.0, 0.94]	[-0.08, 0.0, 0.88]
549	[0.3, -0.13, -0.17, -0.01, 0.01, 0.01, 1.0]	[-0.12, -0.14, 1.05]	[-0.12, -0.15, 1.05]	[-0.08, 0.0, 0.95]	[-0.08, 0.0, 0.88]
550	[0.38, -0.26, -0.03, -0.0, 0.01, 0.02, 1.0]	[-0.12, -0.14, 1.05]	[-0.12, -0.15, 1.05]	[-0.08, 0.0, 0.94]	[-0.08, 0.0, 0.88]
551	[0.31, -0.17, -0.26, -0.0, 0.01, 0.02, 1.0]	[-0.11, -0.14, 1.04]	[-0.11, -0.15, 1.05]	[-0.08, 0.0, 0.94]	[-0.08, 0.0, 0.88]
552	[0.22, -0.3, -0.16, 0.0, 0.01, 0.02, 1.0]	[-0.11, -0.14, 1.04]	[-0.11, -0.15, 1.05]	[-0.08, 0.0, 0.94]	[-0.08, 0.0, 0.88]
553	[0.24, -0.22, -0.14, 0.0, 0.01, 0.02, 1.0]	[-0.11, -0.15, 1.04]	[-0.11, -0.16, 1.04]	[-0.08, 0.0, 0.94]	[-0.08, 0.0, 0.88]
554	[0.2, -0.28, -0.04, -0.0, 0.01, 0.03, 1.0]	[-0.1, -0.15, 1.03]	[-0.11, -0.16, 1.04]	[-0.08, 0.0, 0.94]	[-0.08, 0.0, 0.88]
555	[0.16, -0.3, -0.04, -0.01, 0.0, 0.03, 1.0]	[-0.1, -0.15, 1.03]	[-0.1, -0.16, 1.04]	[-0.08, 0.0, 0.94]	[-0.08, 0.0, 0.88]
556	[0.07, -0.34, -0.03, -0.01, 0.0, 0.03, 1.0]	[-0.1, -0.16, 1.03]	[-0.1, -0.17, 1.04]	[-0.08, 0.0, 0.94]	[-0.08, 0.0, 0.88]
557	[0.07, -0.32, 0.08, -0.02, 0.0, 0.03, 1.0]	[-0.1, -0.16, 1.03]	[-0.1, -0.17, 1.04]	[-0.08, 0.0, 0.94]	[-0.08, 0.0, 0.88]
558	[0.08, -0.31, 0.09, -0.02, 0.0, 0.03, 1.0]	[-0.1, -0.16, 1.03]	[-0.1, -0.17, 1.04]	[-0.08, 0.0, 0.94]	[-0.08, 0.0, 0.88]
559	[0.08, -0.14, 0.27, -0.02, 0.01, 0.03, 1.0]	[-0.1, -0.17, 1.03]	[-0.1, -0.18, 1.04]	[-0.08, 0.0, 0.94]	[-0.08, 0.0, 0.88]
560	[0.07, -0.05, 0.35, -0.02, 0.01, 0.03, 1.0]	[-0.09, -0.17, 1.04]	[-0.09, -0.18, 1.04]	[-0.08, 0.0, 0.94]	[-0.08, 0.0, 0.88]
561	[0.02, 0.11, 0.38, -0.02, 0.01, 0.03, 1.0]	[-0.09, -0.17, 1.04]	[-0.09, -0.18, 1.05]	[-0.08, 0.0, 0.94]	[-0.08, 0.0, 0.88]
562	[-0.06, 0.1, 0.26, -0.02, 0.01, 0.02, 1.0]	[-0.09, -0.17, 1.04]	[-0.09, -0.18, 1.05]	[-0.08, 0.0, 0.94]	[-0.08, 0.0, 0.88]
563	[-0.07, 0.28, 0.36, -0.01, 0.01, 0.02, 1.0]	[-0.09, -0.17, 1.05]	[-0.09, -0.18, 1.05]	[-0.08, 0.0, 0.94]	[-0.08, 0.0, 0.88]
564	[-0.12, 0.27, 0.24, -0.01, 0.01, 0.01, 1.0]	[-0.09, -0.17, 1.05]	[-0.09, -0.18, 1.06]	[-0.08, 0.0, 0.95]	[-0.08, 0.0, 0.88]
565	[-0.06, 0.36, 0.28, -0.01, 0.01, 0.01, 1.0]	[-0.09, -0.17, 1.06]	[-0.09, -0.18, 1.06]	[-0.08, 0.0, 0.95]	[-0.08, 0.0, 0.88]
566	[-0.02, 0.36, 0.26, -0.0, 0.01, 0.01, 1.0]	[-0.09, -0.16, 1.06]	[-0.09, -0.17, 1.07]	[-0.08, 0.0, 0.95]	[-0.08, 0.0, 0.88]
567	[-0.03, 0.29, 0.21, -0.0, 0.02, 0.0, 1.0]	[-0.09, -0.16, 1.06]	[-0.09, -0.17, 1.07]	[-0.08, 0.0, 0.95]	[-0.08, 0.0, 0.88]
568	[0.03, 0.24, 0.18, 0.0, 0.02, 0.0, 1.0]	[-0.09, -0.15, 1.07]	[-0.09, -0.16, 1.07]	[-0.08, 0.0, 0.95]	[-0.08, 0.0, 0.88]
569	[-0.03, 0.21, 0.22, 0.0, 0.02, 0.0, 1.0]	[-0.09, -0.15, 1.07]	[-0.09, -0.16, 1.08]	[-0.08, 0.0, 0.95]	[-0.08, 0.0, 0.88]
570	[0.01, 0.24, 0.2, 0.0, 0.02, -0.0, 1.0]	[-0.1, -0.15, 1.07]	[-0.1, -0.16, 1.08]	[-0.08, 0.0, 0.95]	[-0.08, 0.0, 0.88]
571	[-0.07, 0.22, 0.1, 0.0, 0.02, -0.0, 1.0]	[-0.1, -0.14, 1.07]	[-0.1, -0.15, 1.08]	[-0.08, 0.0, 0.95]	[-0.08, 0.0, 0.88]
572	[-0.06, 0.26, 0.09, 0.01, 0.02, -0.01, 1.0]	[-0.1, -0.14, 1.08]	[-0.1, -0.15, 1.08]	[-0.08, 0.0, 0.95]	[-0.08, 0.0, 0.88]
573	[-0.08, 0.25, 0.03, 0.01, 0.02, -0.01, 1.0]	[-0.1, -0.14, 1.08]	[-0.1, -0.15, 1.08]	[-0.08, 0.0, 0.95]	[-0.08, 0.0, 0.88]
574	[-0.06, 0.22, 0.04, 0.01, 0.02, -0.01, 1.0]	[-0.1, -0.13, 1.08]	[-0.1, -0.14, 1.08]	[-0.08, 0.0, 0.95]	[-0.08, 0.0, 0.88]
575	[-0.06, 0.21, 0.08, 0.01, 0.02, -0.01, 1.0]	[-0.1, -0.13, 1.08]	[-0.1, -0.14, 1.09]	[-0.08, 0.0, 0.95]	[-0.08, 0.0, 0.88]
576	[-0.02, -0.09, -0.14, 0.01, 0.02, -0.01, 1.0]	[-0.1, -0.13, 1.08]	[-0.1, -0.14, 1.09]	[-0.08, 0.0, 0.95]	[-0.08, 0.0, 0.88]
577	[-0.01, 0.08, 0.01, 0.01, 0.02, -0.01, 1.0]	[-0.1, -0.13, 1.08]	[-0.1, -0.14, 1.09]	[-0.08, 0.0, 0.95]	[-0.08, 0.0, 0.88]
578	[0.03, 0.07, -0.01, 0.01, 0.02, -0.01, 1.0]	[-0.1, -0.13, 1.08]	[-0.1, -0.14, 1.09]	[-0.08, 0.0, 0.95]	[-0.08, 0.0, 0.88]
579	[-0.04, 0.02, -0.03, 0.01, 0.02, -0.01, 1.0]	[-0.1, -0.13, 1.08]	[-0.1, -0.14, 1.09]	[-0.08, 0.0, 0.95]	[-0.08, 0.0, 0.88]
580	[-0.03, 0.05, 0.03, 0.01, 0.02, -0.01, 1.0]	[-0.1, -0.13, 1.08]	[-0.1, -0.14, 1.09]	[-0.08, 0.0, 0.95]	[-0.08, 0.0, 0.88]
581	[-0.08, 0.0, -0.09, 0.01, 0.01, -0.01, 1.0]	[-0.1, -0.13, 1.08]	[-0.1, -0.14, 1.09]	[-0.08, 0.0, 0.95]	[-0.08, 0.0, 0.88]
582	[-0.07, 0.04, -0.08, 0.01, 0.01, -0.01, 1.0]	[-0.1, -0.13, 1.08]	[-0.1, -0.14, 1.08]	[-0.08, 0.0, 0.95]	[-0.08, 0.0, 0.88]
583	[-0.05, -0.02, -0.11, 0.01, 0.01, -0.01, 1.0]	[-0.1, -0.13, 1.08]	[-0.1, -0.14, 1.08]	[-0.08, 0.0, 0.95]	[-0.08, 0.0, 0.88]
584	[0.0, -0.02, -0.1, 0.01, 0.01, -0.01, 1.0]	[-0.1, -0.13, 1.08]	[-0.1, -0.14, 1.08]	[-0.08, 0.0, 0.95]	[-0.08, 0.0, 0.88]
585	[0.01, -0.02, -0.01, 0.01, 0.01, -0.0, 1.0]	[-0.1, -0.13, 1.08]	[-0.1, -0.14, 1.08]	[-0.08, 0.0, 0.95]	[-0.08, 0.0, 0.88]
586	[0.12, -0.0, -0.02, 0.01, 0.01, -0.0, 1.0]	[-0.1, -0.13, 1.08]	[-0.1, -0.14, 1.08]	[-0.08, 0.0, 0.95]	[-0.08, 0.0, 0.88]
587	[0.08, -0.04, 0.12, 0.0, 0.01, 0.0, 1.0]	[-0.1, -0.13, 1.08]	[-0.1, -0.14, 1.08]	[-0.08, 0.0, 0.95]	[-0.08, 0.0, 0.88]
588	[0.04, -0.01, 0.06, 0.0, 0.01, 0.0, 1.0]	[-0.1, -0.13, 1.08]	[-0.1, -0.15, 1.08]	[-0.08, 0.0, 0.95]	[-0.08, 0.0, 0.88]
589	[0.05, -0.03, 0.16, -0.0, 0.01, 0.0, 1.0]	[-0.1, -0.14, 1.08]	[-0.1, -0.15, 1.08]	[-0.08, 0.0, 0.95]	[-0.08, 0.0, 0.88]
590	[0.08, 0.0, 0.17, -0.0, 0.01, 0.0, 1.0]	[-0.1, -0.14, 1.08]	[-0.1, -0.15, 1.08]	[-0.08, 0.0, 0.95]	[-0.08, 0.0, 0.88]
591	[0.05, 0.02, 0.14, -0.0, 0.01, 0.0, 1.0]	[-0.1, -0.14, 1.08]	[-0.1, -0.15, 1.09]	[-0.08, 0.0, 0.95]	[-0.08, 0.0, 0.88]
592	[0.06, 0.1, 0.06, -0.01, 0.01, 0.0, 1.0]	[-0.1, -0.14, 1.08]	[-0.1, -0.15, 1.09]	[-0.08, 0.0, 0.95]	[-0.08, 0.0, 0.88]
593	[0.08, 0.11, 0.12, -0.01, 0.01, 0.0, 1.0]	[-0.1, -0.13, 1.08]	[-0.1, -0.14, 1.09]	[-0.08, 0.0, 0.95]	[-0.08, 0.0, 0.88]
594	[0.07, 0.13, 0.09, -0.01, 0.01, -0.0, 1.0]	[-0.1, -0.13, 1.08]	[-0.1, -0.14, 1.09]	[-0.08, 0.0, 0.95]	[-0.08, 0.0, 0.88]
595	[0.06, 0.14, 0.07, -0.0, 0.01, -0.0, 1.0]	[-0.1, -0.13, 1.08]	[-0.1, -0.14, 1.09]	[-0.08, 0.0, 0.95]	[-0.08, 0.0, 0.88]
596	[0.03, 0.12, 0.01, -0.0, 0.01, -0.0, 1.0]	[-0.1, -0.13, 1.09]	[-0.1, -0.14, 1.09]	[-0.08, 0.0, 0.95]	[-0.08, 0.0, 0.88]
597	[0.04, 0.15, -0.02, 0.0, 0.01, -0.0, 1.0]	[-0.1, -0.13, 1.09]	[-0.1, -0.14, 1.09]	[-0.08, 0.0, 0.95]	[-0.08, 0.0, 0.88]
598	[0.06, 0.18, 0.0, 0.0, 0.01, -0.01, 1.0]	[-0.1, -0.13, 1.09]	[-0.1, -0.14, 1.09]	[-0.08, 0.0, 0.95]	[-0.08, 0.0, 0.88]
599	[-0.0, 0.17, -0.07, 0.01, 0.0, -0.01, 1.0]	[-0.1, -0.12, 1.09]	[-0.1, -0.13, 1.09]	[-0.08, 0.0, 0.95]	[-0.08, 0.0, 0.88]
600	[0.0, 0.12, -0.11, 0.01, 0.0, -0.01, 1.0]	[-0.1, -0.12, 1.09]	[-0.1, -0.13, 1.09]	[-0.08, 0.0, 0.95]	[-0.08, 0.0, 0.88]
601	[-0.01, 0.15, -0.09, 0.01, -0.0, -0.01, 1.0]	[-0.1, -0.12, 1.08]	[-0.1, -0.13, 1.09]	[-0.08, 0.0, 0.95]	[-0.08, 0.0, 0.88]
602	[0.06, 0.1, -0.04, 0.01, -0.01, -0.01, 1.0]	[-0.1, -0.12, 1.08]	[-0.1, -0.13, 1.09]	[-0.08, 0.0, 0.95]	[-0.08, 0.0, 0.88]
603	[0.06, 0.08, -0.11, 0.01, -0.01, -0.01, 1.0]	[-0.1, -0.12, 1.08]	[-0.1, -0.13, 1.09]	[-0.08, 0.0, 0.95]	[-0.08, 0.0, 0.88]
604	[0.11, -0.02, -0.01, 0.01, -0.01, -0.01, 1.0]	[-0.1, -0.12, 1.08]	[-0.1, -0.13, 1.09]	[-0.08, 0.0, 0.95]	[-0.08, 0.0, 0.88]
605	[0.08, -0.02, -0.08, 0.01, -0.01, -0.01, 1.0]	[-0.09, -0.12, 1.08]	[-0.09, -0.13, 1.09]	[-0.08, 0.0, 0.95]	[-0.08, 0.0, 0.88]
606	[0.02, 0.05, -0.14, 0.01, -0.01, -0.0, 1.0]	[-0.09, -0.12, 1.08]	[-0.09, -0.13, 1.08]	[-0.08, 0.0, 0.95]	[-0.08, 0.0, 0.88]
607	[-0.0, -0.07, -0.11, 0.01, -0.01, -0.0, 1.0]	[-0.09, -0.11, 1.08]	[-0.09, -0.13, 1.08]	[-0.08, 0.0, 0.95]	[-0.08, 0.0, 0.88]
608	[-0.02, 0.08, -0.19, 0.01, -0.01, -0.0, 1.0]	[-0.09, -0.12, 1.08]	[-0.09, -0.13, 1.08]	[-0.08, 0.0, 0.95]	[-0.08, 0.0, 0.88]
609	[-0.13, -0.11, -0.19, 0.01, -0.02, -0.0, 1.0]	[-0.09, -0.11, 1.07]	[-0.09, -0.12, 1.08]	[-0.08, 0.0, 0.95]	[-0.08, 0.0, 0.88]
610	[-0.07, -0.11, -0.2, 0.0, -0.02, -0.0, 1.0]	[-0.09, -0.12, 1.07]	[-0.09, -0.13, 1.08]	[-0.08, 0.0, 0.95]	[-0.08, 0.0, 0.88]
611	[-0.09, -0.18, -0.21, 0.0, -0.03, 0.0, 1.0]	[-0.09, -0.12, 1.07]	[-0.09, -0.13, 1.07]	[-0.08, 0.0, 0.95]	[-0.08, 0.0, 0.88]
612	[-0.06, -0.15, -0.29, 0.01, -0.03, 0.01, 1.0]	[-0.09, -0.12, 1.07]	[-0.09, -0.13, 1.07]	[-0.08, 0.0, 0.95]	[-0.08, 0.0, 0.88]
613	[-0.12, -0.15, -0.13, 0.01, -0.03, 0.01, 1.0]	[-0.09, -0.12, 1.06]	[-0.1, -0.13, 1.07]	[-0.08, 0.0, 0.94]	[-0.08, 0.0, 0.88]
614	[-0.11, -0.03, -0.15, 0.01, -0.03, 0.02, 1.0]	[-0.1, -0.12, 1.06]	[-0.1, -0.13, 1.07]	[-0.08, -0.0, 0.94]	[-0.08, 0.0, 0.88]
615	[-0.18, -0.01, -0.08, 0.01, -0.03, 0.02, 1.0]	[-0.1, -0.12, 1.06]	[-0.1, -0.13, 1.07]	[-0.08, -0.0, 0.94]	[-0.08, 0.0, 0.88]
616	[-0.13, 0.04, -0.01, 0.01, -0.03, 0.02, 1.0]	[-0.1, -0.12, 1.06]	[-0.1, -0.13, 1.06]	[-0.08, -0.0, 0.94]	[-0.08, 0.0, 0.88]
617	[-0.2, 0.04, -0.22, 0.02, -0.03, 0.03, 1.0]	[-0.1, -0.12, 1.06]	[-0.1, -0.13, 1.06]	[-0.08, -0.0, 0.94]	[-0.08, 0.0, 0.88]
618	[-0.26, 0.01, -0.2, 0.03, -0.03, 0.03, 1.0]	[-0.1, -0.12, 1.06]	[-0.1, -0.13, 1.06]	[-0.08, 0.0, 0.94]	[-0.08, 0.0, 0.88]
619	[-0.36, 0.02, -0.16, 0.04, -0.02, 0.03, 1.0]	[-0.1, -0.12, 1.06]	[-0.1, -0.13, 1.06]	[-0.08, 0.0, 0.94]	[-0.08, 0.0, 0.88]
620	[-0.33, -0.05, -0.21, 0.04, -0.02, 0.04, 1.0]	[-0.1, -0.12, 1.05]	[-0.1, -0.13, 1.06]	[-0.08, 0.0, 0.94]	[-0.08, 0.0, 0.88]
621	[-0.18, -0.07, -0.01, 0.04, -0.03, 0.05, 1.0]	[-0.11, -0.12, 1.05]	[-0.11, -0.13, 1.06]	[-0.08, 0.0, 0.94]	[-0.08, 0.0, 0.88]
622	[-0.1, -0.1, -0.02, 0.04, -0.03, 0.06, 1.0]	[-0.11, -0.12, 1.05]	[-0.11, -0.13, 1.06]	[-0.08, 0.0, 0.94]	[-0.08, 0.0, 0.88]
623	[-0.12, -0.16, -0.05, 0.04, -0.03, 0.06, 1.0]	[-0.11, -0.12, 1.05]	[-0.11, -0.13, 1.06]	[-0.08, 0.0, 0.94]	[-0.08, 0.0, 0.88]
624	[-0.22, -0.1, -0.01, 0.04, -0.02, 0.07, 1.0]	[-0.11, -0.12, 1.05]	[-0.11, -0.14, 1.06]	[-0.08, 0.0, 0.94]	[-0.08, 0.0, 0.88]
625	[-0.24, -0.08, 0.0, 0.03, -0.01, 0.06, 1.0]	[-0.11, -0.13, 1.05]	[-0.11, -0.14, 1.05]	[-0.09, 0.0, 0.94]	[-0.08, 0.0, 0.88]
626	[-0.25, -0.02, 0.05, 0.03, -0.01, 0.05, 1.0]	[-0.12, -0.13, 1.05]	[-0.12, -0.14, 1.05]	[-0.09, 0.0, 0.94]	[-0.08, 0.0, 0.88]
627	[-0.16, 0.01, 0.1, 0.02, -0.01, 0.05, 1.0]	[-0.12, -0.13, 1.05]	[-0.12, -0.14, 1.05]	[-0.09, 0.0, 0.94]	[-0.08, 0.0, 0.88]
628	[-0.18, 0.09, -0.01, 0.01, -0.01, 0.04, 1.0]	[-0.12, -0.13, 1.05]	[-0.12, -0.14, 1.06]	[-0.09, 0.0, 0.94]	[-0.08, 0.0, 0.88]
629	[-0.11, 0.02, -0.02, 0.01, -0.01, 0.04, 1.0]	[-0.12, -0.13, 1.05]	[-0.12, -0.14, 1.06]	[-0.09, 0.0, 0.94]	[-0.08, 0.0, 0.88]
630	[-0.09, -0.02, -0.11, 0.01, -0.01, 0.04, 1.0]	[-0.13, -0.12, 1.05]	[-0.13, -0.14, 1.06]	[-0.09, 0.0, 0.94]	[-0.08, 0.0, 0.88]
631	[0.04, -0.05, -0.12, 0.02, -0.01, 0.04, 1.0]	[-0.13, -0.12, 1.05]	[-0.13, -0.13, 1.05]	[-0.09, 0.0, 0.94]	[-0.08, 0.0, 0.88]
632	[0.01, -0.12, -0.28, 0.02, -0.01, 0.05, 1.0]	[-0.13, -0.12, 1.05]	[-0.13, -0.13, 1.05]	[-0.1, 0.0, 0.94]	[-0.08, 0.0, 0.88]
633	[0.2, -0.11, -0.27, 0.04, -0.01, 0.06, 1.0]	[-0.13, -0.12, 1.05]	[-0.13, -0.13, 1.05]	[-0.1, 0.0, 0.94]	[-0.08, 0.0, 0.88]
634	[0.15, -0.09, -0.35, 0.05, -0.01, 0.08, 1.0]	[-0.13, -0.12, 1.04]	[-0.13, -0.14, 1.05]	[-0.1, 0.0, 0.94]	[-0.08, -0.0, 0.88]
635	[0.23, -0.06, -0.19, 0.06, -0.01, 0.09, 1.0]	[-0.13, -0.13, 1.04]	[-0.13, -0.14, 1.04]	[-0.09, 0.0, 0.94]	[-0.08, -0.0, 0.88]
636	[0.15, -0.0, -0.16, 0.06, -0.01, 0.1, 1.0]	[-0.12, -0.13, 1.04]	[-0.12, -0.14, 1.04]	[-0.09, 0.0, 0.94]	[-0.08, -0.0, 0.88]
637	[0.14, -0.02, -0.07, 0.06, -0.01, 0.1, 1.0]	[-0.12, -0.13, 1.04]	[-0.12, -0.14, 1.04]	[-0.09, 0.0, 0.94]	[-0.08, -0.0, 0.88]
638	[0.05, 0.01, -0.1, 0.05, -0.01, 0.09, 1.0]	[-0.12, -0.13, 1.03]	[-0.12, -0.14, 1.04]	[-0.09, 0.0, 0.94]	[-0.08, -0.0, 0.88]
639	[-0.05, 0.02, 0.04, 0.04, -0.03, 0.08, 1.0]	[-0.12, -0.13, 1.03]	[-0.12, -0.14, 1.04]	[-0.09, 0.0, 0.94]	[-0.08, -0.0, 0.88]
640	[-0.05, 0.06, -0.08, 0.03, -0.03, 0.07, 1.0]	[-0.11, -0.13, 1.03]	[-0.12, -0.14, 1.04]	[-0.09, 0.0, 0.94]	[-0.08, 0.0, 0.88]
641	[0.11, 0.07, -0.06, 0.03, -0.03, 0.06, 1.0]	[-0.11, -0.13, 1.03]	[-0.11, -0.14, 1.04]	[-0.09, 0.0, 0.94]	[-0.08, 0.0, 0.88]
642	[0.14, 0.07, -0.08, 0.03, -0.03, 0.06, 1.0]	[-0.11, -0.13, 1.03]	[-0.11, -0.14, 1.04]	[-0.09, 0.0, 0.94]	[-0.08, 0.0, 0.88]
643	[0.19, 0.04, -0.03, 0.03, -0.03, 0.05, 1.0]	[-0.11, -0.13, 1.03]	[-0.11, -0.14, 1.04]	[-0.09, 0.0, 0.94]	[-0.08, 0.0, 0.88]
644	[0.17, 0.11, 0.11, 0.02, -0.03, 0.05, 1.0]	[-0.11, -0.13, 1.03]	[-0.11, -0.14, 1.04]	[-0.09, 0.0, 0.94]	[-0.08, 0.0, 0.88]
645	[0.16, -0.0, 0.06, 0.02, -0.03, 0.04, 1.0]	[-0.11, -0.13, 1.04]	[-0.11, -0.14, 1.04]	[-0.09, 0.0, 0.94]	[-0.08, 0.0, 0.88]
646	[0.06, 0.09, -0.03, 0.01, -0.03, 0.04, 1.0]	[-0.11, -0.13, 1.04]	[-0.11, -0.14, 1.04]	[-0.09, 0.0, 0.94]	[-0.08, 0.0, 0.88]
647	[-0.09, 0.02, 0.0, 0.01, -0.03, 0.03, 1.0]	[-0.1, -0.13, 1.04]	[-0.1, -0.14, 1.04]	[-0.09, 0.0, 0.94]	[-0.08, 0.0, 0.88]
648	[-0.21, 0.08, 0.01, 0.0, -0.04, 0.01, 1.0]	[-0.1, -0.13, 1.04]	[-0.1, -0.14, 1.04]	[-0.09, 0.0, 0.94]	[-0.08, 0.0, 0.88]
649	[-0.2, 0.06, 0.14, -0.01, -0.04, 0.0, 1.0]	[-0.11, -0.13, 1.04]	[-0.1, -0.14, 1.04]	[-0.09, 0.0, 0.94]	[-0.08, 0.0, 0.88]
650	[-0.14, 0.13, 0.13, -0.02, -0.05, -0.01, 1.0]	[-0.11, -0.13, 1.04]	[-0.11, -0.14, 1.04]	[-0.09, 0.0, 0.94]	[-0.08, 0.0, 0.88]
651	[-0.14, 0.07, 0.18, -0.04, -0.07, -0.02, 1.0]	[-0.11, -0.13, 1.04]	[-0.11, -0.14, 1.04]	[-0.09, 0.0, 0.94]	[-0.08, 0.0, 0.88]
652	[-0.14, 0.14, 0.01, -0.05, -0.08, -0.03, 1.0]	[-0.11, -0.13, 1.04]	[-0.11, -0.14, 1.05]	[-0.09, 0.0, 0.94]	[-0.08, 0.0, 0.88]
653	[-0.12, 0.08, -0.18, -0.05, -0.1, -0.04, 1.0]	[-0.11, -0.12, 1.04]	[-0.11, -0.13, 1.05]	[-0.09, 0.0, 0.94]	[-0.08, 0.0, 0.88]
654	[-0.02, 0.07, -0.29, -0.04, -0.11, -0.05, 1.0]	[-0.11, -0.12, 1.04]	[-0.11, -0.13, 1.05]	[-0.09, 0.0, 0.94]	[-0.08, 0.0, 0.88]
655	[0.08, 0.06, -0.3, -0.03, -0.12, -0.04, 1.0]	[-0.11, -0.12, 1.04]	[-0.11, -0.13, 1.05]	[-0.09, 0.0, 0.94]	[-0.08, 0.0, 0.88]
656	[0.18, -0.02, -0.32, -0.02, -0.11, -0.03, 1.0]	[-0.11, -0.12, 1.04]	[-0.11, -0.13, 1.04]	[-0.09, 0.0, 0.94]	[-0.08, 0.0, 0.88]
657	[0.11, -0.04, -0.18, -0.01, -0.12, -0.03, 1.0]	[-0.11, -0.12, 1.03]	[-0.11, -0.13, 1.04]	[-0.09, 0.0, 0.94]	[-0.08, 0.0, 0.88]
658	[0.06, -0.02, -0.13, -0.01, -0.12, -0.02, 1.0]	[-0.11, -0.12, 1.03]	[-0.11, -0.13, 1.03]	[-0.09, 0.0, 0.94]	[-0.08, 0.0, 0.88]
659	[0.08, -0.06, -0.06, -0.0, -0.11, -0.01, 1.0]	[-0.11, -0.12, 1.03]	[-0.11, -0.13, 1.03]	[-0.09, 0.0, 0.94]	[-0.08, 0.0, 0.88]
660	[0.04, -0.02, -0.13, -0.0, -0.12, -0.01, 1.0]	[-0.1, -0.12, 1.03]	[-0.1, -0.13, 1.03]	[-0.09, 0.0, 0.94]	[-0.08, 0.0, 0.88]
661	[0.12, -0.06, -0.12, 0.0, -0.12, -0.0, 1.0]	[-0.1, -0.12, 1.03]	[-0.1, -0.13, 1.03]	[-0.09, 0.0, 0.94]	[-0.08, 0.0, 0.88]
662	[0.14, -0.0, -0.16, 0.01, -0.1, 0.01, 1.0]	[-0.1, -0.12, 1.03]	[-0.1, -0.13, 1.03]	[-0.09, 0.0, 0.94]	[-0.08, 0.0, 0.88]
663	[0.13, -0.02, -0.09, 0.01, -0.09, 0.01, 1.0]	[-0.1, -0.12, 1.02]	[-0.1, -0.13, 1.03]	[-0.09, 0.0, 0.94]	[-0.08, 0.0, 0.88]
664	[-0.03, -0.02, 0.01, 0.01, -0.07, 0.01, 1.0]	[-0.1, -0.12, 1.02]	[-0.1, -0.13, 1.03]	[-0.09, 0.0, 0.94]	[-0.08, 0.0, 0.88]
665	[-0.02, -0.02, 0.09, 0.0, -0.06, 0.0, 1.0]	[-0.1, -0.12, 1.02]	[-0.1, -0.13, 1.03]	[-0.09, 0.0, 0.94]	[-0.08, 0.0, 0.88]
666	[-0.03, 0.05, 0.12, 0.0, -0.05, 0.0, 1.0]	[-0.1, -0.12, 1.02]	[-0.1, -0.14, 1.03]	[-0.09, 0.0, 0.94]	[-0.08, 0.0, 0.88]
667	[-0.06, 0.02, 0.01, 0.0, -0.04, -0.0, 1.0]	[-0.1, -0.12, 1.02]	[-0.1, -0.14, 1.03]	[-0.09, 0.0, 0.94]	[-0.08, 0.0, 0.88]
668	[-0.02, 0.03, 0.0, 0.01, -0.03, -0.0, -1.0]	[-0.1, -0.12, 1.02]	[-0.1, -0.13, 1.03]	[-0.09, 0.0, 0.94]	[-0.08, 0.0, 0.88]
669	[0.0, 0.06, -0.06, 0.01, -0.02, -0.01, -1.0]	[-0.1, -0.12, 1.02]	[-0.1, -0.13, 1.03]	[-0.09, 0.0, 0.94]	[-0.08, 0.0, 0.88]
670	[0.03, -0.02, -0.14, 0.03, -0.0, -0.01, -1.0]	[-0.1, -0.12, 1.02]	[-0.1, -0.13, 1.03]	[-0.09, 0.0, 0.94]	[-0.08, 0.0, 0.88]
671	[0.08, 0.06, -0.04, 0.03, 0.01, -0.01, -1.0]	[-0.1, -0.12, 1.02]	[-0.1, -0.13, 1.02]	[-0.09, 0.0, 0.94]	[-0.08, 0.0, 0.88]
672	[-0.09, 0.02, 0.12, 0.02, 0.02, -0.02, -1.0]	[-0.1, -0.12, 1.02]	[-0.1, -0.13, 1.02]	[-0.09, 0.0, 0.94]	[-0.08, 0.0, 0.88]
673	[0.04, 0.03, -0.11, 0.02, 0.02, -0.02, -1.0]	[-0.1, -0.12, 1.02]	[-0.1, -0.13, 1.0]	[-0.09, 0.0, 0.94]	[-0.08, 0.0, 0.88]
674	[-0.03, 0.01, -0.16, 0.02, 0.03, -0.02, -1.0]	[-0.11, -0.12, 1.02]	[-0.1, -0.12, 0.97]	[-0.09, 0.0, 0.94]	[-0.08, 0.0, 0.88]
675	[0.08, 0.09, -0.13, 0.03, 0.03, -0.01, -1.0]	[-0.11, -0.12, 1.02]	[-0.1, -0.11, 0.97]	[-0.09, 0.0, 0.94]	[-0.08, 0.0, 0.88]
676	[0.07, 0.06, -0.04, 0.03, 0.03, -0.0, -1.0]	[-0.11, -0.12, 1.01]	[-0.09, -0.11, 0.96]	[-0.09, 0.0, 0.94]	[-0.08, 0.0, 0.88]
677	[0.09, 0.07, -0.01, 0.03, 0.03, -0.0, -1.0]	[-0.11, -0.12, 1.01]	[-0.08, -0.1, 0.95]	[-0.09, 0.0, 0.94]	[-0.08, 0.0, 0.88]
678	[0.06, 0.07, 0.08, 0.03, 0.03, -0.0, -1.0]	[-0.11, -0.12, 1.01]	[-0.07, -0.09, 0.95]	[-0.09, 0.0, 0.94]	[-0.08, 0.0, 0.88]
679	[0.13, 0.09, 0.01, 0.03, 0.04, 0.0, -1.0]	[-0.11, -0.12, 1.01]	[-0.06, -0.09, 0.95]	[-0.08, 0.0, 0.94]	[-0.08, 0.0, 0.88]
680	[0.08, 0.13, -0.04, 0.03, 0.05, 0.0, -1.0]	[-0.1, -0.11, 1.01]	[-0.05, -0.09, 0.95]	[-0.08, 0.0, 0.94]	[-0.08, 0.0, 0.88]
