step	robot0_action	robot0_eef_pos
0	[0.0, 0.0, 0.0, 0.0, 0.11, 0.08, -1.0]	[-0.11, -0.03, 1.01]
1	[-0.06, -0.52, -0.15, -0.0, 0.1, 0.06, -1.0]	[-0.11, -0.03, 1.01]
2	[-0.09, -0.3, -0.26, -0.01, 0.09, 0.07, -1.0]	[-0.11, -0.03, 1.01]
3	[-0.0, -0.72, -0.24, -0.01, 0.08, 0.08, -1.0]	[-0.11, -0.03, 1.01]
4	[-0.01, -0.85, -0.3, -0.01, 0.07, 0.1, -1.0]	[-0.11, -0.04, 1.0]
5	[-0.07, -0.47, -0.36, -0.01, 0.06, 0.11, -1.0]	[-0.11, -0.04, 1.0]
6	[-0.05, -0.52, -0.36, -0.02, 0.06, 0.12, -1.0]	[-0.11, -0.05, 0.99]
7	[-0.02, -0.94, -0.21, -0.03, 0.06, 0.14, -1.0]	[-0.11, -0.06, 0.99]
8	[0.1, -0.76, -0.4, -0.05, 0.06, 0.17, -1.0]	[-0.11, -0.07, 0.99]
9	[0.11, -0.82, -0.23, -0.07, 0.06, 0.19, -1.0]	[-0.11, -0.08, 0.98]
10	[0.18, -0.73, -0.44, -0.08, 0.07, 0.22, -1.0]	[-0.11, -0.09, 0.98]
11	[0.06, -0.93, -0.37, -0.08, 0.08, 0.25, -1.0]	[-0.11, -0.1, 0.97]
12	[0.16, -0.61, -0.48, -0.1, 0.08, 0.28, -1.0]	[-0.11, -0.11, 0.97]
13	[-0.14, -0.68, -0.37, -0.09, 0.07, 0.3, -1.0]	[-0.11, -0.12, 0.96]
14	[-0.01, -0.39, -0.6, -0.07, 0.06, 0.32, -1.0]	[-0.11, -0.13, 0.96]
15	[-0.12, -0.48, -0.4, -0.08, 0.06, 0.35, -1.0]	[-0.11, -0.14, 0.95]
16	[0.08, -0.28, -0.29, -0.07, 0.07, 0.37, -1.0]	[-0.11, -0.14, 0.94]
17	[0.06, -0.67, -0.5, -0.06, 0.07, 0.41, -1.0]	[-0.11, -0.15, 0.94]
18	[0.18, -0.28, -0.54, -0.03, 0.08, 0.42, -1.0]	[-0.11, -0.16, 0.93]
19	[-0.09, -0.58, -0.36, -0.02, 0.09, 0.44, -1.0]	[-0.11, -0.16, 0.93]
20	[0.1, -0.18, -0.56, -0.0, 0.08, 0.44, -1.0]	[-0.11, -0.17, 0.92]
21	[-0.39, -0.44, -0.26, 0.01, 0.08, 0.42, -1.0]	[-0.11, -0.17, 0.91]
22	[-0.07, -0.07, -0.26, 0.01, 0.08, 0.41, -1.0]	[-0.11, -0.17, 0.91]
23	[-0.51, -0.68, -0.11, 0.01, 0.09, 0.4, -1.0]	[-0.11, -0.18, 0.91]
24	[-0.03, -0.03, 0.04, -0.01, 0.09, 0.4, -1.0]	[-0.11, -0.18, 0.9]
25	[-0.14, -0.52, 0.1, -0.02, 0.1, 0.4, -1.0]	[-0.12, -0.18, 0.9]
26	[0.26, -0.02, 0.11, -0.02, 0.11, 0.4, -1.0]	[-0.12, -0.19, 0.9]
27	[0.06, -0.42, -0.06, -0.02, 0.12, 0.39, -1.0]	[-0.12, -0.19, 0.9]
28	[0.25, 0.04, -0.01, -0.02, 0.12, 0.38, -1.0]	[-0.12, -0.2, 0.9]
29	[-0.0, -0.32, -0.16, -0.02, 0.11, 0.36, -1.0]	[-0.12, -0.2, 0.9]
30	[-0.0, 0.09, -0.1, -0.01, 0.1, 0.33, -1.0]	[-0.12, -0.2, 0.9]
31	[-0.25, -0.43, -0.27, -0.01, 0.09, 0.29, -1.0]	[-0.12, -0.21, 0.9]
32	[-0.01, 0.03, -0.22, -0.0, 0.07, 0.26, -1.0]	[-0.12, -0.21, 0.9]
33	[-0.06, -0.21, -0.25, 0.01, 0.06, 0.24, -1.0]	[-0.12, -0.21, 0.9]
34	[0.18, 0.02, -0.24, 0.01, 0.04, 0.22, -1.0]	[-0.12, -0.21, 0.89]
35	[0.31, -0.09, -0.26, 0.01, 0.04, 0.2, -1.0]	[-0.12, -0.21, 0.89]
36	[0.48, 0.15, -0.17, 0.01, 0.04, 0.19, -1.0]	[-0.11, -0.21, 0.89]
37	[0.5, 0.14, -0.17, 0.0, 0.03, 0.17, -1.0]	[-0.11, -0.21, 0.88]
38	[0.36, 0.23, -0.24, 0.0, 0.03, 0.15, -1.0]	[-0.11, -0.21, 0.88]
39	[0.25, 0.27, -0.34, 0.01, 0.02, 0.12, -1.0]	[-0.1, -0.21, 0.88]
40	[0.21, 0.23, -0.41, 0.01, 0.01, 0.1, -1.0]	[-0.1, -0.21, 0.87]
41	[0.18, 0.15, -0.39, 0.02, 0.01, 0.09, -1.0]	[-0.09, -0.2, 0.87]
42	[0.11, 0.06, -0.38, 0.03, 0.01, 0.07, -1.0]	[-0.09, -0.2, 0.86]
43	[-0.01, -0.07, -0.25, 0.04, 0.01, 0.06, -1.0]	[-0.09, -0.2, 0.86]
44	[0.09, -0.07, -0.16, 0.04, 0.0, 0.06, -1.0]	[-0.09, -0.2, 0.85]
45	[0.0, -0.21, -0.14, 0.04, 0.0, 0.05, -1.0]	[-0.09, -0.2, 0.85]
46	[0.08, -0.16, -0.14, 0.04, 0.01, 0.05, -1.0]	[-0.09, -0.2, 0.85]
47	[-0.06, -0.24, -0.2, 0.04, 0.01, 0.05, -1.0]	[-0.08, -0.2, 0.85]
48	[-0.08, -0.22, -0.12, 0.04, 0.01, 0.05, -1.0]	[-0.08, -0.2, 0.84]
49	[-0.15, -0.23, -0.14, 0.03, 0.0, 0.04, -1.0]	[-0.09, -0.2, 0.84]
50	[-0.07, -0.16, -0.16, 0.03, -0.0, 0.03, -1.0]	[-0.09, -0.21, 0.84]
51	[-0.09, -0.21, -0.25, 0.03, -0.01, 0.03, -1.0]	[-0.09, -0.21, 0.84]
52	[-0.02, -0.16, -0.25, 0.03, -0.01, 0.03, -1.0]	[-0.09, -0.21, 0.84]
53	[-0.1, -0.19, -0.19, 0.03, -0.01, 0.02, -1.0]	[-0.09, -0.21, 0.83]
54	[-0.14, -0.15, -0.14, 0.02, -0.01, 0.01, -1.0]	[-0.09, -0.22, 0.83]
55	[-0.07, -0.2, -0.08, 0.02, -0.02, 0.01, -1.0]	[-0.09, -0.22, 0.83]
56	[-0.09, -0.15, -0.04, 0.01, -0.02, 0.01, -1.0]	[-0.09, -0.22, 0.83]
57	[-0.03, -0.1, -0.06, 0.01, -0.02, 0.01, -1.0]	[-0.09, -0.22, 0.83]
58	[-0.1, -0.11, -0.13, 0.01, -0.02, 0.01, -1.0]	[-0.09, -0.23, 0.82]
59	[-0.12, -0.16, -0.3, 0.01, -0.02, 0.0, -1.0]	[-0.09, -0.23, 0.82]
60	[-0.08, -0.06, -0.25, 0.01, -0.02, 0.0, -1.0]	[-0.1, -0.23, 0.82]
61	[-0.13, -0.2, -0.42, 0.01, -0.02, -0.0, -1.0]	[-0.1, -0.23, 0.82]
62	[-0.08, -0.04, -0.2, 0.02, -0.02, -0.0, -1.0]	[-0.1, -0.23, 0.81]
63	[-0.05, -0.14, -0.14, 0.01, -0.02, -0.01, -1.0]	[-0.1, -0.23, 0.81]
64	[-0.04, -0.03, -0.03, 0.0, -0.01, -0.01, -1.0]	[-0.1, -0.24, 0.81]
65	[-0.06, -0.05, 0.01, 0.0, -0.01, -0.01, -1.0]	[-0.1, -0.24, 0.81]
66	[-0.07, -0.03, -0.01, 0.0, -0.01, -0.01, -1.0]	[-0.1, -0.24, 0.81]
67	[-0.09, -0.06, -0.12, 0.0, -0.01, -0.01, -1.0]	[-0.1, -0.24, 0.81]
68	[-0.08, 0.04, -0.01, 0.0, -0.01, -0.01, -1.0]	[-0.1, -0.24, 0.81]
69	[-0.05, 0.01, -0.14, 0.0, -0.01, -0.02, 1.0]	[-0.1, -0.24, 0.81]
70	[0.01, 0.07, -0.07, -0.0, -0.01, -0.02, 1.0]	[-0.1, -0.24, 0.81]
71	[-0.01, 0.09, -0.16, 0.01, -0.0, -0.02, 1.0]	[-0.1, -0.24, 0.81]
72	[-0.05, 0.12, -0.1, 0.01, -0.0, -0.02, 1.0]	[-0.1, -0.24, 0.81]
73	[-0.11, 0.05, -0.17, 0.01, -0.01, -0.02, 1.0]	[-0.09, -0.24, 0.81]
74	[-0.06, 0.08, -0.09, 0.02, -0.01, -0.02, 1.0]	[-0.09, -0.24, 0.81]
75	[0.02, -0.01, 0.05, 0.01, -0.01, -0.02, 1.0]	[-0.09, -0.24, 0.81]
76	[0.05, 0.02, 0.04, 0.01, -0.01, -0.01, 1.0]	[-0.09, -0.24, 0.81]
77	[0.1, -0.08, 0.11, 0.0, -0.0, -0.01, 1.0]	[-0.09, -0.24, 0.81]
78	[-0.0, 0.01, -0.01, 0.0, -0.0, -0.0, 1.0]	[-0.09, -0.24, 0.81]
79	[-0.04, 0.06, 0.01, 0.0, -0.0, -0.01, 1.0]	[-0.09, -0.24, 0.81]
80	[-0.02, 0.1, 0.05, -0.0, -0.0, -0.01, 1.0]	[-0.09, -0.24, 0.81]
81	[0.12, 0.07, 0.12, -0.0, -0.0, -0.01, 1.0]	[-0.09, -0.24, 0.81]
82	[0.07, 0.19, 0.19, -0.0, 0.0, -0.01, 1.0]	[-0.09, -0.24, 0.81]
83	[0.16, 0.19, 0.34, -0.01, 0.01, -0.02, 1.0]	[-0.09, -0.24, 0.82]
84	[0.12, 0.31, 0.38, -0.02, 0.01, -0.02, 1.0]	[-0.09, -0.24, 0.82]
85	[0.19, 0.23, 0.54, -0.03, 0.02, -0.03, 1.0]	[-0.09, -0.23, 0.82]
86	[0.19, 0.4, 0.69, -0.04, 0.03, -0.04, 1.0]	[-0.09, -0.23, 0.83]
87	[0.37, 0.38, 0.83, -0.05, 0.04, -0.05, 1.0]	[-0.09, -0.23, 0.84]
88	[0.3, 0.49, 0.88, -0.06, 0.05, -0.06, 1.0]	[-0.09, -0.23, 0.85]
89	[0.32, 0.47, 0.85, -0.07, 0.06, -0.08, 1.0]	[-0.08, -0.22, 0.86]
90	[0.25, 0.62, 0.83, -0.09, 0.06, -0.1, 1.0]	[-0.08, -0.22, 0.87]
91	[0.37, 0.56, 0.81, -0.09, 0.07, -0.12, 1.0]	[-0.08, -0.22, 0.88]
92	[0.48, 0.55, 0.73, -0.08, 0.09, -0.12, 1.0]	[-0.08, -0.21, 0.89]
93	[0.52, 0.44, 0.63, -0.08, 0.1, -0.13, 1.0]	[-0.07, -0.2, 0.9]
94	[0.47, 0.56, 0.54, -0.07, 0.11, -0.14, 1.0]	[-0.07, -0.2, 0.91]
95	[0.42, 0.51, 0.45, -0.07, 0.11, -0.15, 1.0]	[-0.06, -0.19, 0.92]
96	[0.44, 0.6, 0.37, -0.07, 0.1, -0.15, 1.0]	[-0.06, -0.18, 0.92]
97	[0.39, 0.49, 0.32, -0.07, 0.1, -0.16, 1.0]	[-0.06, -0.17, 0.93]
98	[0.16, 0.74, 0.29, -0.06, 0.09, -0.18, 1.0]	[-0.05, -0.17, 0.93]
99	[0.1, 0.58, 0.33, -0.06, 0.08, -0.19, 1.0]	[-0.05, -0.16, 0.94]
100	[0.06, 0.86, 0.42, -0.05, 0.08, -0.21, 1.0]	[-0.05, -0.15, 0.94]
101	[0.04, 0.6, 0.33, -0.06, 0.07, -0.21, 1.0]	[-0.04, -0.14, 0.94]
102	[0.06, 0.84, 0.39, -0.08, 0.07, -0.21, 1.0]	[-0.04, -0.13, 0.95]
103	[0.1, 0.64, 0.22, -0.09, 0.06, -0.2, 1.0]	[-0.04, -0.12, 0.95]
104	[0.0, 0.76, 0.12, -0.09, 0.06, -0.2, 1.0]	[-0.04, -0.11, 0.96]
105	[0.03, 0.6, 0.13, -0.07, 0.06, -0.2, 1.0]	[-0.04, -0.1, 0.96]
106	[-0.0, 0.75, 0.1, -0.05, 0.07, -0.2, 1.0]	[-0.04, -0.09, 0.96]
107	[-0.03, 0.55, 0.19, -0.04, 0.07, -0.2, 1.0]	[-0.04, -0.08, 0.96]
108	[-0.16, 0.96, 0.23, -0.05, 0.06, -0.21, 1.0]	[-0.04, -0.07, 0.97]
109	[-0.19, 0.86, 0.36, -0.04, 0.07, -0.22, 1.0]	[-0.04, -0.06, 0.97]
110	[-0.1, 0.95, 0.31, -0.02, 0.1, -0.25, 1.0]	[-0.05, -0.05, 0.97]
111	[-0.08, 0.69, 0.42, -0.0, 0.12, -0.27, 1.0]	[-0.05, -0.04, 0.98]
112	[0.01, 1.0, 0.42, -0.0, 0.15, -0.3, 1.0]	[-0.05, -0.03, 0.98]
113	[0.05, 0.82, 0.48, -0.0, 0.17, -0.32, 1.0]	[-0.05, -0.02, 0.99]
114	[0.16, 0.93, 0.46, -0.0, 0.2, -0.35, 1.0]	[-0.06, -0.0, 0.99]
115	[0.18, 0.75, 0.5, -0.0, 0.22, -0.37, 1.0]	[-0.06, 0.01, 1.0]
116	[0.19, 0.78, 0.29, -0.0, 0.23, -0.38, 1.0]	[-0.06, 0.02, 1.0]
117	[0.3, 0.49, 0.16, -0.02, 0.24, -0.38, 1.0]	[-0.06, 0.03, 1.01]
118	[0.14, 0.76, 0.0, -0.03, 0.23, -0.37, 1.0]	[-0.06, 0.04, 1.01]
119	[0.25, 0.31, 0.1, -0.05, 0.22, -0.37, 1.0]	[-0.06, 0.05, 1.01]
120	[0.23, 1.0, -0.05, -0.1, 0.21, -0.36, 1.0]	[-0.06, 0.05, 1.01]
121	[0.3, 0.88, 0.09, -0.14, 0.21, -0.35, 1.0]	[-0.05, 0.06, 1.01]
122	[0.12, 0.44, -0.01, -0.13, 0.2, -0.32, 1.0]	[-0.05, 0.07, 1.01]
123	[0.11, -0.2, -0.12, -0.09, 0.19, -0.29, 1.0]	[-0.05, 0.08, 1.01]
124	[-0.04, 0.08, -0.04, -0.06, 0.17, -0.25, 1.0]	[-0.05, 0.08, 1.01]
125	[-0.52, -1.0, -0.28, -0.04, 0.15, -0.21, 1.0]	[-0.05, 0.08, 1.01]
126	[0.21, 0.24, 0.13, -0.05, 0.18, -0.2, 1.0]	[-0.05, 0.08, 1.01]
127	[-0.2, -0.9, -0.03, -0.04, 0.21, -0.21, 1.0]	[-0.05, 0.08, 1.01]
128	[-0.26, 0.07, -0.19, -0.04, 0.2, -0.19, 1.0]	[-0.05, 0.07, 1.01]
129	[-0.23, -0.31, -0.22, -0.05, 0.2, -0.17, 1.0]	[-0.05, 0.07, 1.01]
130	[-0.18, 0.01, -0.07, -0.04, 0.2, -0.15, 1.0]	[-0.05, 0.06, 1.01]
131	[-0.26, -0.4, -0.09, -0.03, 0.19, -0.12, 1.0]	[-0.05, 0.06, 1.0]
132	[-0.08, 0.08, 0.06, -0.04, 0.19, -0.09, 1.0]	[-0.06, 0.06, 1.0]
133	[-0.15, -0.65, 0.28, -0.05, 0.19, -0.06, 1.0]	[-0.06, 0.06, 1.0]
134	[0.13, 0.05, 0.29, -0.04, 0.2, -0.03, 1.0]	[-0.06, 0.05, 1.0]
135	[-0.17, -0.59, 0.46, -0.04, 0.21, -0.01, 1.0]	[-0.06, 0.05, 1.01]
136	[0.16, 0.1, 0.33, -0.03, 0.23, 0.01, 1.0]	[-0.06, 0.05, 1.01]
137	[-0.06, -0.43, 0.33, -0.02, 0.24, 0.02, 1.0]	[-0.06, 0.04, 1.02]
138	[0.0, 0.2, 0.21, -0.02, 0.24, 0.03, 1.0]	[-0.06, 0.04, 1.02]
139	[-0.32, -0.28, 0.45, -0.02, 0.22, 0.04, 1.0]	[-0.06, 0.04, 1.03]
140	[-0.06, 0.26, 0.2, -0.02, 0.21, 0.04, 1.0]	[-0.07, 0.04, 1.03]
141	[-0.41, -0.05, 0.51, -0.03, 0.21, 0.04, 1.0]	[-0.07, 0.04, 1.03]
142	[0.04, 0.21, 0.34, -0.02, 0.2, 0.05, 1.0]	[-0.07, 0.04, 1.04]
143	[-0.3, -0.16, 0.51, -0.02, 0.2, 0.05, 1.0]	[-0.07, 0.04, 1.04]
144	[0.06, 0.12, 0.35, -0.01, 0.19, 0.05, 1.0]	[-0.07, 0.04, 1.05]
145	[-0.07, -0.02, 0.3, -0.01, 0.19, 0.05, 1.0]	[-0.07, 0.04, 1.06]
146	[0.1, 0.11, 0.29, -0.01, 0.18, 0.05, 1.0]	[-0.08, 0.04, 1.06]
147	[-0.03, 0.03, 0.42, -0.0, 0.19, 0.05, 1.0]	[-0.08, 0.04, 1.06]
148	[0.14, 0.16, 0.21, 0.0, 0.18, 0.04, 1.0]	[-0.08, 0.04, 1.07]
149	[-0.05, 0.11, 0.49, 0.0, 0.18, 0.04, 1.0]	[-0.08, 0.04, 1.07]
150	[0.06, 0.21, 0.21, -0.0, 0.17, 0.03, 1.0]	[-0.08, 0.05, 1.08]
151	[-0.14, 0.16, 0.42, -0.01, 0.15, 0.02, 1.0]	[-0.08, 0.05, 1.08]
152	[0.16, 0.15, 0.27, -0.02, 0.15, 0.01, 1.0]	[-0.08, 0.05, 1.09]
153	[-0.0, -0.0, 0.43, -0.02, 0.14, 0.01, 1.0]	[-0.08, 0.05, 1.09]
154	[0.01, 0.0, 0.18, -0.02, 0.14, 0.0, 1.0]	[-0.08, 0.05, 1.1]
155	[-0.48, -0.22, 0.16, -0.02, 0.11, 0.0, 1.0]	[-0.08, 0.05, 1.1]
156	[-0.29, -0.07, -0.06, -0.01, 0.09, -0.0, 1.0]	[-0.08, 0.05, 1.1]
157	[-0.48, -0.15, -0.14, -0.0, 0.07, -0.01, 1.0]	[-0.08, 0.05, 1.1]
158	[-0.44, 0.0, -0.09, 0.0, 0.04, -0.01, 1.0]	[-0.08, 0.05, 1.1]
159	[-0.53, -0.15, -0.28, 0.0, 0.02, -0.01, 1.0]	[-0.09, 0.05, 1.1]
160	[-0.33, -0.05, -0.01, 0.01, 0.01, -0.02, 1.0]	[-0.09, 0.05, 1.09]
161	[-0.4, -0.2, -0.18, 0.0, 0.0, -0.01, 1.0]	[-0.09, 0.05, 1.09]
162	[-0.2, -0.08, 0.09, 0.0, -0.0, -0.01, 1.0]	[-0.1, 0.04, 1.09]
163	[-0.15, -0.21, -0.02, 0.01, -0.0, -0.01, 1.0]	[-0.1, 0.04, 1.09]
164	[0.01, -0.05, 0.15, 0.01, 0.01, -0.01, 1.0]	[-0.1, 0.04, 1.09]
165	[-0.07, -0.16, 0.08, 0.01, 0.02, -0.0, 1.0]	[-0.1, 0.04, 1.09]
166	[-0.03, 0.04, 0.1, 0.0, 0.03, 0.0, 1.0]	[-0.11, 0.04, 1.09]
167	[-0.18, -0.13, 0.03, -0.0, 0.03, 0.0, 1.0]	[-0.11, 0.04, 1.09]
168	[-0.01, -0.02, 0.0, -0.0, 0.03, 0.01, 1.0]	[-0.11, 0.04, 1.09]
169	[-0.24, -0.2, -0.07, -0.0, 0.03, 0.01, 1.0]	[-0.11, 0.04, 1.09]
170	[-0.07, -0.09, -0.09, -0.0, 0.02, 0.01, 1.0]	[-0.11, 0.04, 1.09]
171	[-0.27, -0.14, -0.04, -0.0, 0.02, 0.02, 1.0]	[-0.11, 0.03, 1.09]
172	[-0.12, -0.09, -0.01, -0.0, 0.02, 0.02, 1.0]	[-0.12, 0.03, 1.09]
173	[-0.3, -0.12, 0.12, -0.0, 0.02, 0.02, 1.0]	[-0.12, 0.03, 1.09]
174	[-0.16, -0.05, 0.03, 0.0, 0.02, 0.01, 1.0]	[-0.12, 0.03, 1.09]
175	[-0.25, -0.13, 0.05, 0.01, 0.01, 0.01, 1.0]	[-0.12, 0.03, 1.09]
176	[-0.11, -0.01, 0.04, 0.01, 0.01, 0.01, 1.0]	[-0.12, 0.03, 1.09]
177	[0.01, -0.07, 0.15, 0.01, 0.02, 0.01, 1.0]	[-0.13, 0.03, 1.09]
178	[0.08, 0.07, 0.18, 0.02, 0.02, 0.01, 1.0]	[-0.13, 0.03, 1.1]
179	[0.15, 0.08, 0.18, 0.01, 0.03, 0.01, 1.0]	[-0.13, 0.03, 1.1]
180	[0.13, 0.14, 0.26, 0.01, 0.04, 0.01, 1.0]	[-0.13, 0.03, 1.1]
181	[0.1, 0.14, 0.28, 0.01, 0.05, 0.01, 1.0]	[-0.13, 0.03, 1.1]
182	[0.11, 0.17, 0.22, 0.0, 0.05, 0.01, 1.0]	[-0.13, 0.03, 1.11]
183	[0.12, 0.1, 0.2, -0.0, 0.06, 0.01, 1.0]	[-0.12, 0.03, 1.11]
184	[0.22, 0.19, 0.2, -0.0, 0.06, 0.01, 1.0]	[-0.12, 0.03, 1.11]
185	[0.2, 0.14, 0.17, -0.01, 0.06, 0.01, 1.0]	[-0.12, 0.04, 1.12]
186	[0.29, 0.18, 0.18, -0.01, 0.07, 0.01, 1.0]	[-0.12, 0.04, 1.12]
187	[0.1, 0.15, 0.14, -0.01, 0.07, 0.01, 1.0]	[-0.12, 0.04, 1.12]
188	[0.17, 0.17, 0.14, -0.02, 0.06, 0.0, 1.0]	[-0.12, 0.04, 1.12]
189	[0.08, 0.12, 0.09, -0.02, 0.06, 0.0, 1.0]	[-0.11, 0.04, 1.13]
190	[0.12, 0.07, 0.11, -0.01, 0.06, -0.0, 1.0]	[-0.11, 0.05, 1.13]
191	[0.03, 0.07, 0.09, -0.01, 0.05, 0.0, 1.0]	[-0.11, 0.05, 1.13]
192	[0.09, -0.02, 0.06, -0.01, 0.05, 0.0, 1.0]	[-0.11, 0.05, 1.13]
193	[0.01, -0.09, 0.01, -0.01, 0.04, 0.0, 1.0]	[-0.11, 0.05, 1.13]
194	[0.11, -0.08, 0.07, -0.01, 0.04, 0.01, 1.0]	[-0.11, 0.05, 1.13]
195	[0.11, -0.03, 0.06, -0.01, 0.04, 0.01, 1.0]	[-0.11, 0.05, 1.13]
196	[0.03, -0.02, 0.1, -0.01, 0.04, 0.01, 1.0]	[-0.11, 0.05, 1.13]
197	[-0.03, -0.07, 0.04, -0.01, 0.03, 0.01, 1.0]	[-0.11, 0.05, 1.13]
198	[0.0, -0.02, 0.11, -0.01, 0.03, 0.01, 1.0]	[-0.11, 0.05, 1.14]
199	[-0.01, -0.07, 0.1, -0.01, 0.02, 0.01, 1.0]	[-0.1, 0.05, 1.14]
200	[0.02, -0.04, 0.13, -0.01, 0.02, 0.01, 1.0]	[-0.1, 0.04, 1.14]
201	[-0.06, -0.05, 0.06, -0.01, 0.01, 0.01, 1.0]	[-0.1, 0.04, 1.14]
202	[-0.04, -0.07, 0.09, -0.0, 0.01, 0.01, 1.0]	[-0.1, 0.04, 1.14]
203	[-0.02, -0.02, 0.09, 0.0, 0.01, 0.01, 1.0]	[-0.1, 0.04, 1.14]
204	[-0.01, 0.03, 0.12, 0.0, 0.01, 0.01, 1.0]	[-0.1, 0.04, 1.14]
205	[-0.02, -0.01, 0.08, -0.0, 0.01, 0.01, 1.0]	[-0.1, 0.04, 1.14]
206	[-0.01, 0.02, 0.07, 0.0, 0.01, 0.0, 1.0]	[-0.1, 0.04, 1.14]
207	[-0.07, 0.05, -0.08, 0.0, 0.01, 0.0, 1.0]	[-0.11, 0.04, 1.14]
208	[0.01, 0.0, -0.01, 0.0, 0.01, 0.0, 1.0]	[-0.11, 0.04, 1.14]
209	[-0.01, 0.02, 0.05, 0.0, 0.01, 0.0, 1.0]	[-0.11, 0.04, 1.14]
210	[-0.02, 0.02, 0.02, 0.0, 0.0, 0.0, 1.0]	[-0.11, 0.04, 1.14]
211	[-0.02, -0.02, -0.05, 0.01, 0.01, 0.0, 1.0]	[-0.11, 0.04, 1.14]
212	[-0.04, 0.02, -0.02, 0.01, 0.0, 0.0, 1.0]	[-0.11, 0.04, 1.14]
213	[-0.04, -0.02, -0.09, 0.01, 0.0, 0.0, 1.0]	[-0.11, 0.04, 1.14]
214	[-0.03, -0.01, -0.1, 0.01, -0.0, -0.0, 1.0]	[-0.11, 0.04, 1.14]
215	[-0.09, -0.04, -0.17, 0.01, -0.01, -0.0, 1.0]	[-0.11, 0.04, 1.14]
216	[-0.04, -0.06, -0.16, 0.01, -0.01, -0.0, 1.0]	[-0.11, 0.04, 1.14]
217	[0.01, -0.04, -0.16, 0.01, -0.01, 0.0, 1.0]	[-0.11, 0.04, 1.14]
218	[0.0, -0.08, -0.17, 0.01, -0.01, 0.0, 1.0]	[-0.11, 0.04, 1.14]
219	[0.03, 0.01, -0.11, 0.01, -0.01, 0.0, 1.0]	[-0.11, 0.04, 1.13]
220	[-0.0, -0.0, -0.11, 0.01, -0.01, 0.01, 1.0]	[-0.11, 0.04, 1.13]
221	[0.01, 0.04, -0.1, 0.0, -0.01, 0.0, 1.0]	[-0.11, 0.04, 1.13]
222	[-0.07, 0.1, -0.06, -0.0, -0.01, 0.0, 1.0]	[-0.11, 0.04, 1.13]
223	[0.06, 0.14, -0.14, -0.0, -0.01, -0.0, 1.0]	[-0.11, 0.04, 1.13]
224	[0.01, 0.07, -0.07, -0.0, -0.01, -0.0, 1.0]	[-0.11, 0.04, 1.13]
225	[-0.07, 0.07, -0.05, -0.0, -0.01, -0.0, 1.0]	[-0.11, 0.05, 1.12]
226	[0.03, 0.07, -0.06, 0.0, -0.01, -0.0, 1.0]	[-0.11, 0.05, 1.12]
227	[-0.03, 0.03, -0.07, 0.0, -0.01, -0.0, 1.0]	[-0.11, 0.05, 1.12]
228	[-0.08, 0.04, -0.0, 0.0, -0.01, -0.0, 1.0]	[-0.11, 0.05, 1.12]
229	[-0.07, -0.02, 0.0, 0.0, -0.01, -0.01, 1.0]	[-0.11, 0.05, 1.12]
230	[-0.14, 0.03, 0.08, 0.0, -0.01, -0.01, 1.0]	[-0.11, 0.05, 1.12]
231	[-0.11, -0.04, 0.11, -0.0, -0.01, -0.01, 1.0]	[-0.11, 0.05, 1.12]
232	[-0.08, -0.01, 0.14, -0.0, -0.01, -0.01, 1.0]	[-0.11, 0.05, 1.12]
233	[0.02, -0.0, 0.12, -0.01, -0.01, -0.01, 1.0]	[-0.11, 0.05, 1.12]
234	[0.01, -0.07, 0.17, -0.01, -0.0, -0.0, 1.0]	[-0.11, 0.05, 1.13]
235	[0.14, -0.04, 0.11, -0.01, 0.01, 0.0, 1.0]	[-0.11, 0.05, 1.13]
236	[-0.02, -0.0, 0.15, -0.01, 0.01, 0.0, 1.0]	[-0.11, 0.05, 1.13]
237	[0.11, 0.06, 0.1, -0.01, 0.02, 0.0, 1.0]	[-0.11, 0.05, 1.13]
238	[0.01, 0.03, 0.12, -0.01, 0.02, 0.0, 1.0]	[-0.11, 0.05, 1.13]
239	[-0.06, 0.01, 0.08, -0.01, 0.02, 0.0, 1.0]	[-0.11, 0.05, 1.13]
240	[-0.05, -0.02, 0.04, -0.01, 0.02, 0.0, 1.0]	[-0.11, 0.05, 1.14]
241	[-0.15, -0.06, -0.07, -0.01, 0.02, 0.0, 1.0]	[-0.11, 0.05, 1.14]
242	[-0.1, -0.03, -0.03, -0.01, 0.02, 0.0, 1.0]	[-0.11, 0.05, 1.14]
243	[-0.07, -0.07, -0.08, -0.0, 0.01, -0.0, 1.0]	[-0.12, 0.05, 1.14]
244	[-0.09, -0.02, -0.04, -0.0, 0.01, 0.0, 1.0]	[-0.12, 0.05, 1.13]
245	[-0.03, -0.02, 0.01, 0.0, 0.01, 0.0, 1.0]	[-0.12, 0.05, 1.13]
246	[-0.1, -0.0, 0.01, -0.0, 0.01, 0.0, 1.0]	[-0.12, 0.05, 1.13]
247	[-0.04, -0.03, 0.02, -0.0, 0.01, 0.0, 1.0]	[-0.12, 0.05, 1.13]
248	[-0.1, -0.03, -0.02, -0.0, 0.0, 0.0, 1.0]	[-0.12, 0.04, 1.13]
249	[-0.03, -0.09, 0.01, 0.0, 0.0, 0.0, 1.0]	[-0.12, 0.04, 1.13]
250	[-0.08, -0.08, -0.03, 0.0, 0.0, 0.0, 1.0]	[-0.12, 0.04, 1.13]
251	[-0.11, -0.1, -0.05, 0.0, -0.0, 0.01, 1.0]	[-0.12, 0.04, 1.13]
252	[-0.05, -0.08, -0.02, 0.0, -0.0, 0.01, 1.0]	[-0.12, 0.04, 1.13]
253	[-0.02, -0.04, -0.06, 0.0, -0.0, 0.01, 1.0]	[-0.12, 0.04, 1.13]
254	[-0.04, -0.07, -0.08, 0.0, -0.0, 0.01, 1.0]	[-0.12, 0.04, 1.13]
255	[-0.1, -0.02, -0.07, 0.0, -0.0, 0.01, 1.0]	[-0.13, 0.04, 1.13]
256	[-0.08, -0.06, -0.03, 0.0, -0.01, 0.0, 1.0]	[-0.13, 0.04, 1.13]
257	[-0.02, -0.05, -0.03, 0.0, -0.0, 0.0, 1.0]	[-0.13, 0.04, 1.13]
258	[-0.02, -0.06, -0.12, 0.01, -0.01, 0.01, 1.0]	[-0.13, 0.04, 1.13]
259	[-0.07, -0.09, -0.17, 0.01, -0.01, 0.01, 1.0]	[-0.13, 0.04, 1.13]
260	[0.01, 0.0, -0.15, 0.01, -0.01, 0.01, 1.0]	[-0.13, 0.04, 1.13]
261	[0.06, 0.13, -0.13, 0.01, -0.01, 0.01, 1.0]	[-0.13, 0.04, 1.13]
262	[0.03, 0.15, -0.08, 0.01, -0.01, 0.0, 1.0]	[-0.13, 0.04, 1.13]
263	[0.04, 0.11, -0.11, 0.0, -0.01, -0.0, 1.0]	[-0.13, 0.04, 1.12]
264	[0.03, 0.17, -0.03, 0.0, -0.01, -0.0, 1.0]	[-0.13, 0.04, 1.12]
265	[0.06, 0.16, -0.01, 0.0, -0.01, -0.01, 1.0]	[-0.13, 0.04, 1.12]
266	[0.13, 0.14, -0.06, -0.0, -0.01, -0.01, 1.0]	[-0.13, 0.04, 1.12]
267	[0.18, 0.18, -0.07, -0.0, -0.01, -0.01, 1.0]	[-0.13, 0.04, 1.12]
268	[0.17, 0.13, -0.12, -0.0, -0.01, -0.01, 1.0]	[-0.13, 0.05, 1.12]
269	[0.22, 0.02, -0.18, -0.0, -0.0, -0.01, 1.0]	[-0.12, 0.05, 1.12]
270	[0.22, 0.12, -0.11, -0.0, 0.0, -0.01, 1.0]	[-0.12, 0.05, 1.12]
271	[0.11, 0.17, -0.22, -0.01, -0.0, -0.01, 1.0]	[-0.12, 0.05, 1.12]
272	[0.16, 0.06, -0.21, -0.0, -0.01, -0.01, 1.0]	[-0.12, 0.05, 1.12]
273	[0.2, 0.08, -0.24, -0.0, -0.01, -0.0, 1.0]	[-0.12, 0.05, 1.12]
274	[0.16, -0.03, -0.27, -0.0, -0.02, -0.0, 1.0]	[-0.11, 0.05, 1.12]
275	[0.24, -0.05, -0.33, 0.0, -0.02, 0.0, 1.0]	[-0.11, 0.05, 1.12]
276	[0.16, -0.1, -0.25, 0.01, -0.02, 0.0, 1.0]	[-0.11, 0.05, 1.11]
277	[0.13, -0.0, -0.22, 0.01, -0.02, 0.01, 1.0]	[-0.11, 0.05, 1.11]
278	[0.04, -0.07, -0.19, 0.01, -0.03, 0.01, 1.0]	[-0.11, 0.05, 1.11]
279	[0.03, -0.05, -0.2, 0.01, -0.03, 0.01, 1.0]	[-0.1, 0.05, 1.11]
280	[-0.05, -0.07, -0.14, 0.01, -0.04, 0.0, 1.0]	[-0.1, 0.05, 1.1]
281	[-0.06, -0.05, -0.15, 0.01, -0.04, 0.0, 1.0]	[-0.1, 0.05, 1.1]
282	[-0.03, -0.05, -0.14, 0.01, -0.05, -0.0, 1.0]	[-0.1, 0.05, 1.1]
283	[-0.01, -0.02, -0.14, 0.02, -0.05, -0.0, 1.0]	[-0.1, 0.05, 1.1]
284	[-0.03, -0.05, -0.13, 0.02, -0.05, -0.01, 1.0]	[-0.1, 0.05, 1.1]
285	[-0.03, -0.02, -0.14, 0.01, -0.05, -0.01, 1.0]	[-0.1, 0.05, 1.09]
286	[-0.01, 0.05, -0.15, 0.01, -0.05, -0.01, 1.0]	[-0.1, 0.05, 1.09]
287	[0.05, 0.15, -0.23, 0.01, -0.05, -0.01, 1.0]	[-0.1, 0.05, 1.09]
288	[-0.02, 0.11, -0.24, 0.0, -0.06, -0.01, 1.0]	[-0.1, 0.05, 1.09]
289	[0.08, 0.07, -0.26, 0.0, -0.06, -0.02, 1.0]	[-0.1, 0.05, 1.09]
290	[-0.02, 0.11, -0.2, -0.0, -0.06, -0.02, 1.0]	[-0.1, 0.05, 1.09]
291	[0.12, 0.09, -0.14, -0.0, -0.06, -0.01, 1.0]	[-0.1, 0.05, 1.09]
292	[0.02, 0.0, -0.14, -0.0, -0.05, -0.01, 1.0]	[-0.1, 0.05, 1.09]
293	[0.16, 0.01, -0.14, 0.0, -0.05, -0.01, 1.0]	[-0.1, 0.05, 1.09]
294	[0.1, -0.03, -0.1, 0.0, -0.05, -0.01, 1.0]	[-0.1, 0.05, 1.09]
295	[0.18, -0.0, -0.06, 0.0, -0.04, -0.0, 1.0]	[-0.1, 0.05, 1.09]
296	[0.18, 0.01, -0.02, 0.0, -0.03, -0.0, 1.0]	[-0.1, 0.05, 1.09]
297	[0.18, 0.01, -0.01, 0.0, -0.02, -0.0, 1.0]	[-0.09, 0.05, 1.09]
298	[0.12, 0.0, -0.09, 0.0, -0.02, -0.0, 1.0]	[-0.09, 0.05, 1.09]
299	[0.15, -0.02, -0.17, 0.0, -0.02, -0.0, 1.0]	[-0.09, 0.05, 1.09]
300	[0.12, 0.03, -0.17, 0.0, -0.02, -0.0, 1.0]	[-0.09, 0.05, 1.09]
301	[0.13, 0.02, -0.17, 0.0, -0.02, -0.0, 1.0]	[-0.09, 0.05, 1.09]
302	[0.06, -0.02, -0.16, 0.0, -0.03, -0.0, 1.0]	[-0.09, 0.05, 1.09]
303	[0.05, -0.15, -0.14, 0.01, -0.03, 0.0, 1.0]	[-0.09, 0.05, 1.09]
304	[0.06, -0.13, -0.11, 0.01, -0.03, 0.0, 1.0]	[-0.08, 0.05, 1.09]
305	[0.12, -0.11, -0.11, 0.01, -0.03, 0.01, 1.0]	[-0.08, 0.05, 1.09]
306	[0.09, -0.03, -0.04, 0.01, -0.03, 0.01, 1.0]	[-0.08, 0.05, 1.09]
307	[0.1, 0.06, -0.03, 0.01, -0.03, 0.01, 1.0]	[-0.08, 0.05, 1.09]
308	[0.03, 0.02, -0.08, 0.01, -0.03, 0.0, 1.0]	[-0.08, 0.05, 1.09]
309	[0.1, -0.02, -0.13, 0.01, -0.02, -0.0, 1.0]	[-0.08, 0.05, 1.09]
310	[0.0, 0.07, -0.11, 0.01, -0.03, -0.0, 1.0]	[-0.08, 0.05, 1.09]
311	[0.12, 0.09, -0.02, 0.01, -0.03, -0.0, 1.0]	[-0.08, 0.05, 1.09]
312	[0.07, 0.03, -0.04, 0.01, -0.03, 0.0, 1.0]	[-0.08, 0.05, 1.09]
313	[0.2, -0.12, -0.01, 0.01, -0.02, 0.0, 1.0]	[-0.08, 0.05, 1.09]
314	[0.16, -0.07, 0.05, 0.01, -0.01, 0.01, 1.0]	[-0.07, 0.05, 1.09]
315	[-0.01, -0.04, 0.09, 0.01, -0.01, 0.01, 1.0]	[-0.07, 0.05, 1.09]
316	[-0.0, 0.02, 0.09, 0.01, -0.01, 0.01, 1.0]	[-0.07, 0.05, 1.09]
317	[-0.01, 0.02, 0.04, 0.01, -0.01, 0.0, 1.0]	[-0.07, 0.05, 1.09]
318	[-0.03, 0.06, 0.01, 0.01, -0.01, 0.0, 1.0]	[-0.07, 0.05, 1.09]
319	[-0.02, 0.0, -0.06, 0.0, -0.01, 0.0, 1.0]	[-0.07, 0.05, 1.09]
320	[-0.01, 0.02, -0.11, 0.01, -0.02, 0.0, 1.0]	[-0.07, 0.05, 1.09]
321	[-0.04, -0.08, -0.24, 0.01, -0.02, 0.0, 1.0]	[-0.07, 0.05, 1.09]
322	[-0.03, 0.0, -0.3, 0.01, -0.03, -0.0, 1.0]	[-0.07, 0.05, 1.09]
323	[0.02, 0.02, -0.29, 0.01, -0.03, -0.0, 1.0]	[-0.07, 0.05, 1.09]
324	[-0.06, 0.05, -0.27, 0.01, -0.04, -0.0, 1.0]	[-0.07, 0.05, 1.09]
325	[0.0, 0.04, -0.23, 0.01, -0.04, -0.01, 1.0]	[-0.07, 0.05, 1.09]
326	[-0.07, 0.03, -0.21, 0.01, -0.04, -0.0, 1.0]	[-0.07, 0.05, 1.09]
327	[-0.04, 0.02, -0.18, 0.01, -0.04, -0.0, 1.0]	[-0.07, 0.05, 1.09]
328	[-0.1, 0.02, -0.19, 0.01, -0.05, -0.0, 1.0]	[-0.07, 0.05, 1.09]
329	[-0.03, 0.02, -0.16, 0.02, -0.05, -0.0, 1.0]	[-0.07, 0.05, 1.09]
330	[-0.02, 0.05, -0.18, 0.02, -0.05, -0.0, 1.0]	[-0.07, 0.05, 1.09]
331	[-0.02, -0.06, -0.22, 0.01, -0.05, -0.0, 1.0]	[-0.07, 0.05, 1.09]
332	[0.01, 0.06, -0.21, 0.01, -0.05, -0.01, 1.0]	[-0.07, 0.05, 1.09]
333	[0.05, -0.07, -0.24, 0.02, -0.05, -0.01, 1.0]	[-0.07, 0.05, 1.09]
334	[0.06, -0.01, -0.21, 0.02, -0.04, -0.01, 1.0]	[-0.07, 0.05, 1.09]
335	[0.08, -0.01, -0.14, 0.02, -0.04, -0.01, 1.0]	[-0.07, 0.05, 1.09]
336	[0.24, 0.03, 0.01, 0.02, -0.03, -0.0, 1.0]	[-0.07, 0.05, 1.09]
337	[0.22, -0.05, 0.06, 0.02, -0.01, -0.0, 1.0]	[-0.07, 0.05, 1.09]
338	[0.07, 0.06, -0.04, 0.02, -0.01, 0.0, 1.0]	[-0.07, 0.05, 1.09]
339	[0.06, 0.05, -0.1, 0.01, 0.0, 0.03, 1.0]	[-0.07, 0.05, 1.09]
340	[0.05, -0.02, -0.08, 0.02, 0.0, 0.04, 1.0]	[-0.07, 0.05, 1.09]
341	[-0.11, 0.04, -0.12, 0.02, -0.01, 0.04, 1.0]	[-0.07, 0.05, 1.09]
342	[-0.14, -0.02, -0.22, 0.02, -0.03, 0.03, 1.0]	[-0.07, 0.05, 1.09]
343	[-0.12, -0.09, -0.27, 0.03, -0.04, 0.02, 1.0]	[-0.07, 0.05, 1.09]
344	[-0.3, -0.09, -0.3, 0.03, -0.05, 0.01, 1.0]	[-0.07, 0.05, 1.09]
345	[-0.24, -0.2, -0.19, 0.04, -0.05, 0.01, 1.0]	[-0.07, 0.05, 1.09]
346	[-0.22, -0.12, -0.21, 0.04, -0.05, 0.01, 1.0]	[-0.07, 0.04, 1.09]
347	[-0.29, -0.16, -0.09, 0.04, -0.05, 0.01, 1.0]	[-0.07, 0.04, 1.09]
348	[-0.28, -0.03, -0.14, 0.03, -0.06, 0.01, 1.0]	[-0.07, 0.04, 1.09]
349	[-0.18, -0.07, -0.12, 0.02, -0.06, 0.01, 1.0]	[-0.08, 0.04, 1.09]
350	[-0.22, -0.11, -0.1, 0.02, -0.05, 0.01, 1.0]	[-0.08, 0.04, 1.09]
351	[-0.15, -0.14, -0.07, 0.02, -0.05, 0.01, 1.0]	[-0.08, 0.04, 1.09]
352	[-0.08, -0.07, -0.1, 0.01, -0.05, 0.01, 1.0]	[-0.08, 0.04, 1.09]
353	[0.06, -0.03, -0.14, 0.01, -0.04, 0.01, 1.0]	[-0.08, 0.04, 1.08]
354	[0.08, 0.08, -0.23, 0.0, -0.04, 0.01, 1.0]	[-0.08, 0.04, 1.08]
355	[0.16, 0.0, -0.29, 0.0, -0.03, 0.01, 1.0]	[-0.08, 0.04, 1.08]
356	[0.29, 0.21, -0.2, -0.0, -0.02, 0.01, 1.0]	[-0.08, 0.04, 1.08]
357	[0.32, 0.27, -0.25, -0.01, -0.02, 0.0, 1.0]	[-0.08, 0.04, 1.08]
358	[0.36, 0.3, -0.22, -0.01, -0.0, 0.0, 1.0]	[-0.08, 0.04, 1.08]
359	[0.3, 0.29, -0.28, -0.01, 0.0, 0.0, 1.0]	[-0.08, 0.04, 1.07]
360	[0.28, 0.25, -0.31, -0.01, 0.01, -0.0, 1.0]	[-0.08, 0.05, 1.07]
361	[0.09, 0.18, -0.41, -0.01, 0.01, -0.01, 1.0]	[-0.07, 0.05, 1.07]
362	[0.1, 0.15, -0.42, 0.0, 0.01, -0.01, 1.0]	[-0.07, 0.05, 1.07]
363	[0.04, 0.12, -0.38, 0.01, 0.0, -0.01, 1.0]	[-0.07, 0.05, 1.07]
364	[0.03, 0.12, -0.36, 0.02, -0.0, -0.01, 1.0]	[-0.07, 0.05, 1.07]
365	[0.08, 0.12, -0.25, 0.02, -0.01, -0.01, 1.0]	[-0.07, 0.05, 1.07]
366	[0.09, 0.12, -0.26, 0.03, -0.01, -0.01, 1.0]	[-0.07, 0.05, 1.07]
367	[-0.14, 0.1, -0.26, 0.02, -0.02, -0.01, 1.0]	[-0.07, 0.05, 1.07]
368	[0.06, 0.12, -0.27, 0.02, -0.03, -0.01, 1.0]	[-0.07, 0.05, 1.07]
369	[0.16, -0.06, -0.26, 0.03, -0.03, -0.01, 1.0]	[-0.07, 0.05, 1.07]
370	[0.23, -0.1, -0.35, 0.04, -0.03, 0.0, 1.0]	[-0.07, 0.05, 1.07]
371	[0.2, -0.22, -0.26, 0.04, -0.04, 0.01, 1.0]	[-0.07, 0.05, 1.07]
372	[0.14, -0.04, -0.32, 0.04, -0.04, 0.01, 1.0]	[-0.07, 0.05, 1.07]
373	[0.05, 0.03, -0.32, 0.03, -0.05, 0.01, 1.0]	[-0.07, 0.05, 1.07]
374	[-0.03, 0.16, -0.23, 0.02, -0.06, 0.01, 1.0]	[-0.07, 0.05, 1.07]
375	[0.06, 0.01, -0.17, 0.02, -0.06, -0.0, 1.0]	[-0.07, 0.05, 1.07]
376	[0.06, 0.0, -0.29, 0.03, -0.07, -0.0, 1.0]	[-0.07, 0.05, 1.07]
377	[0.04, -0.0, -0.29, 0.03, -0.07, -0.0, 1.0]	[-0.07, 0.05, 1.07]
378	[0.04, 0.02, -0.38, 0.03, -0.08, -0.0, 1.0]	[-0.07, 0.05, 1.07]
379	[0.09, 0.04, -0.4, 0.03, -0.08, -0.0, 1.0]	[-0.07, 0.05, 1.07]
380	[0.02, 0.07, -0.4, 0.04, -0.08, -0.01, -1.0]	[-0.07, 0.05, 1.07]
381	[0.13, 0.09, -0.39, 0.04, -0.07, -0.01, -1.0]	[-0.07, 0.05, 1.07]
382	[-0.11, 0.13, -0.39, 0.05, -0.08, -0.01, -1.0]	[-0.07, 0.05, 1.06]
383	[0.09, 0.25, -0.24, 0.04, -0.07, -0.02, -1.0]	[-0.07, 0.05, 1.06]
384	[0.14, 0.22, -0.22, 0.03, -0.07, -0.02, -1.0]	[-0.07, 0.06, 1.06]
385	[0.09, -0.01, -0.24, 0.04, -0.07, -0.01, -1.0]	[-0.07, 0.06, 1.06]
386	[0.18, -0.1, -0.35, 0.04, -0.07, -0.01, -1.0]	[-0.06, 0.06, 1.06]
387	[0.18, -0.15, -0.45, 0.06, -0.06, -0.0, -1.0]	[-0.06, 0.06, 1.05]
388	[0.19, -0.15, -0.42, 0.06, -0.06, 0.01, -1.0]	[-0.06, 0.06, 1.05]
389	[0.16, -0.15, -0.4, 0.06, -0.06, 0.01, -1.0]	[-0.06, 0.06, 1.04]
390	[0.19, -0.08, -0.47, 0.06, -0.06, 0.01, -1.0]	[-0.06, 0.05, 1.04]
391	[0.14, -0.11, -0.59, 0.07, -0.06, 0.02, -1.0]	[-0.06, 0.05, 1.03]
392	[0.24, -0.07, -0.67, 0.07, -0.06, 0.02, -1.0]	[-0.06, 0.05, 1.02]
393	[0.3, -0.02, -0.68, 0.08, -0.06, 0.02, -1.0]	[-0.05, 0.05, 1.02]
394	[0.2, -0.02, -0.71, 0.09, -0.06, 0.02, -1.0]	[-0.05, 0.05, 1.01]
395	[0.12, -0.01, -0.5, 0.08, -0.06, 0.02, -1.0]	[-0.05, 0.05, 1.0]
396	[0.07, 0.01, -0.45, 0.08, -0.06, 0.01, -1.0]	[-0.05, 0.05, 0.99]
397	[0.14, 0.11, -0.11, 0.08, -0.05, 0.01, -1.0]	[-0.05, 0.05, 0.98]
398	[0.02, 0.08, -0.04, 0.07, -0.05, 0.01, -1.0]	[-0.05, 0.05, 0.98]
399	[0.03, 0.21, 0.33, 0.06, -0.04, 0.0, -1.0]	[-0.04, 0.05, 0.98]
400	[0.0, 0.21, 0.34, 0.04, -0.04, -0.0, -1.0]	[-0.04, 0.05, 0.98]
401	[0.08, 0.32, 0.62, 0.02, -0.04, -0.0, -1.0]	[-0.04, 0.05, 0.98]
402	[0.13, 0.21, 0.48, 0.01, -0.03, -0.0, -1.0]	[-0.04, 0.06, 0.99]
403	[0.19, 0.16, 0.44, 0.0, -0.02, -0.0, -1.0]	[-0.04, 0.06, 1.0]
404	[0.16, 0.13, 0.27, 0.0, -0.02, -0.0, -1.0]	[-0.04, 0.06, 1.0]
405	[0.25, 0.08, 0.18, 0.0, -0.01, -0.0, -1.0]	[-0.03, 0.06, 1.01]
406	[0.24, 0.05, 0.14, 0.01, -0.0, 0.0, -1.0]	[-0.03, 0.07, 1.01]
407	[0.31, -0.01, 0.18, 0.01, -0.0, 0.01, -1.0]	[-0.03, 0.07, 1.01]
408	[0.34, -0.1, 0.2, 0.01, -0.0, 0.03, -1.0]	[-0.03, 0.07, 1.02]
409	[0.32, -0.21, 0.14, 0.03, -0.02, 0.06, -1.0]	[-0.02, 0.07, 1.02]
410	[0.38, -0.25, 0.14, 0.04, -0.01, 0.09, -1.0]	[-0.02, 0.06, 1.02]
411	[0.36, -0.24, 0.04, 0.06, -0.02, 0.12, -1.0]	[-0.02, 0.06, 1.02]
412	[0.35, -0.31, 0.15, 0.07, -0.01, 0.14, -1.0]	[-0.01, 0.06, 1.02]
413	[0.39, -0.3, 0.33, 0.08, -0.0, 0.16, -1.0]	[-0.01, 0.06, 1.03]
414	[0.27, -0.39, 0.29, 0.09, -0.01, 0.17, -1.0]	[-0.01, 0.05, 1.03]
415	[0.14, -0.47, 0.33, 0.1, -0.0, 0.18, -1.0]	[-0.0, 0.05, 1.03]
416	[0.16, -0.59, 0.16, 0.12, -0.02, 0.2, -1.0]	[-0.0, 0.04, 1.04]
417	[0.14, -0.56, 0.34, 0.13, -0.02, 0.21, -1.0]	[0.0, 0.04, 1.04]
418	[0.05, -0.61, 0.23, 0.13, -0.05, 0.23, -1.0]	[0.0, 0.03, 1.04]
419	[0.23, -0.68, 0.2, 0.12, -0.07, 0.24, -1.0]	[0.01, 0.02, 1.05]
420	[0.04, -0.81, -0.12, 0.13, -0.08, 0.25, -1.0]	[0.01, 0.01, 1.05]
421	[0.11, -1.0, -0.28, 0.14, -0.11, 0.26, -1.0]	[0.01, 0.0, 1.05]
422	[0.16, -1.0, -0.48, 0.14, -0.14, 0.28, -1.0]	[0.01, -0.01, 1.05]
423	[0.13, -1.0, -0.64, 0.14, -0.18, 0.31, -1.0]	[0.02, -0.02, 1.04]
424	[0.11, -1.0, -0.65, 0.16, -0.19, 0.3, -1.0]	[0.02, -0.03, 1.04]
425	[0.03, -1.0, -0.48, 0.16, -0.21, 0.3, -1.0]	[0.03, -0.05, 1.03]
426	[-0.02, -1.0, -0.17, 0.14, -0.22, 0.3, -1.0]	[0.03, -0.06, 1.02]
427	[-0.04, -1.0, -0.08, 0.13, -0.24, 0.29, -1.0]	[0.03, -0.07, 1.02]
428	[-0.23, -0.96, -0.22, 0.12, -0.26, 0.28, -1.0]	[0.04, -0.08, 1.02]
429	[-0.28, -0.88, -0.4, 0.14, -0.26, 0.26, -1.0]	[0.04, -0.1, 1.02]
430	[-0.4, -0.82, -0.45, 0.14, -0.27, 0.24, -1.0]	[0.04, -0.11, 1.01]
431	[-0.6, -0.65, -0.26, 0.13, -0.28, 0.22, -1.0]	[0.04, -0.12, 1.01]
432	[-0.51, -0.6, -0.18, 0.11, -0.3, 0.2, -1.0]	[0.04, -0.13, 1.0]
433	[-0.65, -0.36, -0.18, 0.09, -0.33, 0.19, -1.0]	[0.04, -0.14, 1.0]
434	[-0.28, -0.57, -0.3, 0.07, -0.33, 0.17, -1.0]	[0.04, -0.14, 1.0]
435	[-0.25, -0.38, -0.44, 0.08, -0.31, 0.16, -1.0]	[0.04, -0.15, 1.0]
436	[0.04, -0.62, -0.43, 0.09, -0.27, 0.16, -1.0]	[0.04, -0.16, 0.99]
437	[-0.05, -0.12, -0.28, 0.08, -0.24, 0.15, -1.0]	[0.04, -0.16, 0.99]
438	[-0.09, -0.44, -0.23, 0.08, -0.2, 0.13, -1.0]	[0.03, -0.17, 0.99]
439	[-0.23, -0.01, -0.34, 0.08, -0.17, 0.12, -1.0]	[0.03, -0.17, 0.98]
440	[-0.24, -0.33, -0.33, 0.08, -0.16, 0.1, -1.0]	[0.03, -0.18, 0.98]
441	[-0.07, 0.11, -0.25, 0.08, -0.14, 0.09, -1.0]	[0.02, -0.18, 0.97]
442	[0.15, -0.21, -0.34, 0.07, -0.13, 0.1, -1.0]	[0.02, -0.18, 0.97]
443	[0.33, 0.34, -0.36, 0.07, -0.12, 0.1, -1.0]	[0.02, -0.18, 0.96]
444	[0.19, -0.22, -0.67, 0.09, -0.1, 0.1, -1.0]	[0.02, -0.18, 0.96]
445	[0.25, 0.36, -0.44, 0.09, -0.07, 0.09, -1.0]	[0.02, -0.18, 0.95]
446	[0.13, -0.18, -0.62, 0.1, -0.07, 0.08, -1.0]	[0.01, -0.18, 0.94]
447	[0.42, 0.2, -0.37, 0.1, -0.06, 0.08, -1.0]	[0.01, -0.18, 0.93]
448	[0.38, -0.18, -0.51, 0.11, -0.06, 0.08, -1.0]	[0.01, -0.18, 0.93]
449	[0.52, 0.05, -0.34, 0.1, -0.06, 0.08, -1.0]	[0.02, -0.18, 0.92]
450	[0.46, -0.04, -0.3, 0.09, -0.04, 0.08, -1.0]	[0.02, -0.18, 0.91]
451	[0.56, 0.22, -0.3, 0.09, -0.04, 0.09, -1.0]	[0.02, -0.18, 0.91]
452	[0.51, 0.13, -0.19, 0.09, -0.03, 0.09, -1.0]	[0.03, -0.17, 0.9]
453	[0.41, 0.4, -0.02, 0.08, -0.03, 0.09, -1.0]	[0.03, -0.17, 0.9]
454	[0.4, 0.27, -0.14, 0.08, -0.04, 0.08, -1.0]	[0.03, -0.17, 0.9]
455	[0.4, 0.39, -0.17, 0.07, -0.03, 0.09, -1.0]	[0.04, -0.17, 0.89]
456	[0.63, 0.24, -0.11, 0.07, -0.03, 0.09, -1.0]	[0.04, -0.16, 0.89]
457	[0.43, 0.32, -0.05, 0.07, -0.02, 0.09, -1.0]	[0.05, -0.16, 0.89]
458	[0.34, -0.05, -0.11, 0.07, -0.02, 0.08, -1.0]	[0.05, -0.15, 0.89]
459	[0.15, -0.07, -0.16, 0.06, -0.01, 0.06, -1.0]	[0.06, -0.15, 0.89]
460	[0.19, -0.31, -0.18, 0.06, -0.01, 0.06, -1.0]	[0.06, -0.15, 0.88]
461	[0.22, -0.27, -0.42, 0.05, -0.01, 0.04, -1.0]	[0.06, -0.15, 0.88]
462	[0.08, -0.47, -0.26, 0.05, -0.02, 0.04, -1.0]	[0.07, -0.16, 0.88]
463	[0.03, -0.35, -0.14, 0.04, -0.02, 0.03, -1.0]	[0.07, -0.16, 0.87]
464	[0.07, -0.54, -0.17, 0.04, -0.03, 0.03, -1.0]	[0.07, -0.17, 0.87]
465	[0.22, -0.34, -0.24, 0.03, -0.04, 0.03, -1.0]	[0.07, -0.17, 0.87]
466	[0.17, -0.51, -0.18, 0.03, -0.04, 0.03, -1.0]	[0.07, -0.18, 0.87]
467	[0.18, -0.3, -0.45, 0.02, -0.04, 0.03, -1.0]	[0.08, -0.18, 0.86]
468	[0.06, -0.45, -0.29, 0.02, -0.04, 0.02, -1.0]	[0.08, -0.19, 0.86]
469	[0.03, -0.13, -0.36, 0.02, -0.04, 0.02, -1.0]	[0.08, -0.19, 0.85]
470	[-0.02, -0.32, -0.36, 0.02, -0.05, 0.01, -1.0]	[0.08, -0.2, 0.85]
471	[-0.07, 0.08, -0.24, 0.02, -0.04, 0.01, -1.0]	[0.08, -0.2, 0.85]
472	[-0.11, -0.21, -0.43, 0.02, -0.04, -0.0, -1.0]	[0.08, -0.2, 0.84]
473	[-0.28, 0.05, -0.29, 0.02, -0.04, -0.01, -1.0]	[0.08, -0.21, 0.84]
474	[-0.38, -0.09, -0.4, 0.02, -0.04, -0.02, -1.0]	[0.08, -0.21, 0.83]
475	[-0.52, 0.09, -0.29, 0.02, -0.04, -0.03, -1.0]	[0.08, -0.21, 0.83]
476	[-0.43, -0.02, -0.21, 0.01, -0.05, -0.04, -1.0]	[0.07, -0.21, 0.83]
477	[-0.4, 0.03, -0.04, 0.01, -0.05, -0.05, -1.0]	[0.07, -0.21, 0.83]
478	[-0.33, -0.03, 0.09, -0.0, -0.05, -0.05, -1.0]	[0.07, -0.21, 0.82]
479	[-0.29, 0.0, 0.06, -0.01, -0.05, -0.05, -1.0]	[0.06, -0.21, 0.83]
480	[-0.2, -0.08, 0.03, -0.01, -0.04, -0.04, -1.0]	[0.06, -0.21, 0.83]
481	[-0.2, -0.07, -0.08, -0.01, -0.04, -0.04, -1.0]	[0.06, -0.21, 0.83]
482	[-0.2, -0.06, -0.1, -0.01, -0.03, -0.04, -1.0]	[0.05, -0.21, 0.83]
483	[-0.29, 0.01, -0.24, -0.0, -0.02, -0.04, -1.0]	[0.05, -0.21, 0.83]
484	[-0.19, -0.03, -0.13, 0.0, -0.02, -0.04, -1.0]	[0.05, -0.21, 0.82]
485	[-0.16, 0.01, -0.19, 0.01, -0.02, -0.04, -1.0]	[0.04, -0.21, 0.82]
486	[-0.09, 0.02, -0.23, 0.02, -0.02, -0.04, -1.0]	[0.04, -0.21, 0.82]
487	[-0.06, 0.13, -0.26, 0.03, -0.01, -0.03, -1.0]	[0.04, -0.21, 0.82]
488	[-0.01, 0.17, -0.08, 0.03, -0.02, -0.02, -1.0]	[0.04, -0.21, 0.81]
489	[-0.04, 0.23, -0.02, 0.03, -0.02, -0.01, -1.0]	[0.04, -0.21, 0.81]
490	[-0.05, 0.18, -0.05, 0.04, -0.02, -0.01, -1.0]	[0.04, -0.21, 0.81]
491	[-0.01, 0.21, -0.12, 0.04, -0.02, -0.0, -1.0]	[0.03, -0.21, 0.81]
492	[0.05, 0.11, -0.07, 0.04, -0.03, 0.01, -1.0]	[0.03, -0.21, 0.81]
493	[0.05, 0.1, -0.07, 0.04, -0.03, 0.01, -1.0]	[0.03, -0.21, 0.81]
494	[0.09, 0.06, -0.04, 0.04, -0.03, 0.01, -1.0]	[0.04, -0.21, 0.81]
495	[0.22, 0.11, 0.06, 0.04, -0.03, 0.02, -1.0]	[0.04, -0.21, 0.81]
496	[0.12, 0.04, 0.06, 0.03, -0.03, 0.03, -1.0]	[0.04, -0.21, 0.81]
497	[0.11, 0.04, 0.08, 0.03, -0.03, 0.03, -1.0]	[0.04, -0.2, 0.81]
498	[0.04, 0.02, 0.08, 0.02, -0.03, 0.02, 1.0]	[0.04, -0.2, 0.81]
499	[-0.02, 0.01, -0.02, 0.01, -0.03, 0.02, 1.0]	[0.04, -0.2, 0.81]
500	[0.07, -0.07, -0.18, 0.02, -0.04, 0.02, 1.0]	[0.04, -0.2, 0.81]
501	[0.18, -0.07, -0.15, 0.02, -0.02, 0.02, 1.0]	[0.04, -0.2, 0.81]
502	[0.03, -0.02, 0.12, 0.01, -0.01, 0.01, 1.0]	[0.04, -0.21, 0.81]
503	[0.05, -0.08, -0.02, 0.01, -0.01, 0.01, 1.0]	[0.04, -0.21, 0.81]
504	[0.06, -0.06, 0.02, 0.01, -0.0, 0.01, 1.0]	[0.04, -0.21, 0.81]
505	[0.04, -0.02, -0.06, 0.01, -0.0, 0.01, 1.0]	[0.05, -0.21, 0.81]
506	[0.03, -0.0, 0.02, 0.01, 0.0, 0.01, 1.0]	[0.05, -0.21, 0.81]
507	[0.04, 0.08, 0.08, 0.01, 0.0, 0.01, 1.0]	[0.05, -0.21, 0.81]
508	[0.03, 0.08, 0.08, 0.01, 0.0, 0.01, 1.0]	[0.05, -0.21, 0.81]
509	[0.06, 0.16, 0.13, 0.0, -0.0, 0.01, 1.0]	[0.05, -0.21, 0.81]
510	[-0.0, 0.14, 0.16, 0.0, 0.0, 0.0, 1.0]	[0.05, -0.21, 0.81]
511	[-0.07, 0.2, 0.28, -0.01, 0.01, -0.0, 1.0]	[0.05, -0.2, 0.82]
512	[-0.16, 0.21, 0.67, -0.01, 0.02, -0.01, 1.0]	[0.05, -0.2, 0.82]
513	[-0.22, 0.35, 0.92, -0.03, 0.04, -0.01, 1.0]	[0.05, -0.2, 0.82]
514	[-0.32, 0.33, 1.0, -0.04, 0.05, -0.02, 1.0]	[0.04, -0.2, 0.84]
515	[-0.43, 0.41, 1.0, -0.06, 0.06, -0.02, 1.0]	[0.04, -0.2, 0.85]
516	[-0.52, 0.45, 1.0, -0.07, 0.07, -0.03, 1.0]	[0.04, -0.19, 0.86]
517	[-0.52, 0.56, 1.0, -0.08, 0.08, -0.03, 1.0]	[0.03, -0.19, 0.88]
518	[-0.44, 0.51, 1.0, -0.08, 0.09, -0.02, 1.0]	[0.02, -0.19, 0.89]
519	[-0.48, 0.52, 1.0, -0.08, 0.1, -0.02, 1.0]	[0.02, -0.18, 0.9]
520	[-0.45, 0.5, 1.0, -0.07, 0.11, -0.02, 1.0]	[0.01, -0.17, 0.91]
521	[-0.44, 0.43, 1.0, -0.07, 0.12, -0.01, 1.0]	[0.0, -0.17, 0.93]
522	[-0.38, 0.48, 1.0, -0.06, 0.12, -0.01, 1.0]	[-0.01, -0.16, 0.94]
523	[-0.39, 0.37, 0.93, -0.05, 0.13, -0.0, 1.0]	[-0.01, -0.16, 0.95]
524	[-0.44, 0.41, 0.87, -0.04, 0.14, -0.0, 1.0]	[-0.02, -0.15, 0.96]
525	[-0.5, 0.24, 0.66, -0.04, 0.14, -0.0, 1.0]	[-0.03, -0.14, 0.97]
526	[-0.61, 0.32, 0.66, -0.03, 0.13, -0.01, 1.0]	[-0.03, -0.14, 0.98]
527	[-0.5, 0.16, 0.62, -0.03, 0.12, -0.01, 1.0]	[-0.04, -0.13, 0.99]
528	[-0.37, 0.1, 0.48, -0.02, 0.12, -0.01, 1.0]	[-0.05, -0.13, 1.0]
529	[-0.32, 0.1, 0.41, -0.02, 0.12, -0.0, 1.0]	[-0.06, -0.13, 1.01]
530	[-0.36, 0.03, 0.36, -0.01, 0.11, 0.0, 1.0]	[-0.06, -0.12, 1.01]
531	[-0.36, 0.08, 0.32, -0.0, 0.11, 0.0, 1.0]	[-0.07, -0.12, 1.02]
532	[-0.14, 0.02, 0.4, -0.01, 0.1, 0.0, 1.0]	[-0.08, -0.12, 1.02]
533	[-0.22, 0.04, 0.37, -0.01, 0.1, 0.0, 1.0]	[-0.08, -0.12, 1.02]
534	[0.08, -0.12, 0.26, -0.02, 0.1, 0.0, 1.0]	[-0.08, -0.12, 1.03]
535	[-0.17, -0.03, 0.3, -0.02, 0.09, 0.0, 1.0]	[-0.09, -0.12, 1.03]
536	[-0.1, -0.24, 0.15, -0.02, 0.09, 0.0, 1.0]	[-0.09, -0.12, 1.03]
537	[-0.19, -0.08, 0.16, -0.02, 0.08, 0.0, 1.0]	[-0.09, -0.12, 1.04]
538	[-0.16, -0.3, 0.02, -0.02, 0.08, -0.0, 1.0]	[-0.09, -0.12, 1.04]
539	[-0.25, -0.06, 0.09, -0.02, 0.07, -0.0, 1.0]	[-0.1, -0.13, 1.04]
540	[-0.17, -0.26, 0.11, -0.02, 0.07, -0.0, 1.0]	[-0.1, -0.13, 1.04]
541	[-0.23, -0.03, 0.16, -0.02, 0.06, -0.0, 1.0]	[-0.1, -0.13, 1.04]
542	[-0.17, -0.16, 0.15, -0.02, 0.06, -0.0, 1.0]	[-0.1, -0.13, 1.04]
543	[-0.17, 0.0, 0.2, -0.02, 0.05, -0.0, 1.0]	[-0.11, -0.13, 1.04]
544	[-0.15, -0.1, 0.15, -0.01, 0.05, -0.0, 1.0]	[-0.11, -0.13, 1.05]
545	[-0.2, 0.01, 0.09, -0.01, 0.04, -0.0, 1.0]	[-0.11, -0.13, 1.05]
546	[-0.2, -0.1, -0.02, -0.01, 0.04, -0.0, 1.0]	[-0.11, -0.13, 1.05]
547	[-0.02, -0.03, -0.03, -0.01, 0.03, -0.0, 1.0]	[-0.12, -0.13, 1.05]
548	[0.17, -0.18, -0.12, -0.01, 0.02, 0.0, 1.0]	[-0.12, -0.14, 1.05]
549	[0.3, -0.13, -0.17, -0.01, 0.01, 0.01, 1.0]	[-0.12, -0.14, 1.05]
550	[0.38, -0.26, -0.03, -0.0, 0.01, 0.02, 1.0]	[-0.12, -0.14, 1.05]
551	[0.31, -0.17, -0.26, -0.0, 0.01, 0.02, 1.0]	[-0.11, -0.14, 1.04]
552	[0.22, -0.3, -0.16, 0.0, 0.01, 0.02, 1.0]	[-0.11, -0.14, 1.04]
553	[0.24, -0.22, -0.14, 0.0, 0.01, 0.02, 1.0]	[-0.11, -0.15, 1.04]
554	[0.2, -0.28, -0.04, -0.0, 0.01, 0.03, 1.0]	[-0.1, -0.15, 1.03]
555	[0.16, -0.3, -0.04, -0.01, 0.0, 0.03, 1.0]	[-0.1, -0.15, 1.03]
556	[0.07, -0.34, -0.03, -0.01, 0.0, 0.03, 1.0]	[-0.1, -0.16, 1.03]
557	[0.07, -0.32, 0.08, -0.02, 0.0, 0.03, 1.0]	[-0.1, -0.16, 1.03]
558	[0.08, -0.31, 0.09, -0.02, 0.0, 0.03, 1.0]	[-0.1, -0.16, 1.03]
559	[0.08, -0.14, 0.27, -0.02, 0.01, 0.03, 1.0]	[-0.1, -0.17, 1.03]
560	[0.07, -0.05, 0.35, -0.02, 0.01, 0.03, 1.0]	[-0.09, -0.17, 1.04]
561	[0.02, 0.11, 0.38, -0.02, 0.01, 0.03, 1.0]	[-0.09, -0.17, 1.04]
562	[-0.06, 0.1, 0.26, -0.02, 0.01, 0.02, 1.0]	[-0.09, -0.17, 1.04]
563	[-0.07, 0.28, 0.36, -0.01, 0.01, 0.02, 1.0]	[-0.09, -0.17, 1.05]
564	[-0.12, 0.27, 0.24, -0.01, 0.01, 0.01, 1.0]	[-0.09, -0.17, 1.05]
565	[-0.06, 0.36, 0.28, -0.01, 0.01, 0.01, 1.0]	[-0.09, -0.17, 1.06]
566	[-0.02, 0.36, 0.26, -0.0, 0.01, 0.01, 1.0]	[-0.09, -0.16, 1.06]
567	[-0.03, 0.29, 0.21, -0.0, 0.02, 0.0, 1.0]	[-0.09, -0.16, 1.06]
568	[0.03, 0.24, 0.18, 0.0, 0.02, 0.0, 1.0]	[-0.09, -0.15, 1.07]
569	[-0.03, 0.21, 0.22, 0.0, 0.02, 0.0, 1.0]	[-0.09, -0.15, 1.07]
570	[0.01, 0.24, 0.2, 0.0, 0.02, -0.0, 1.0]	[-0.1, -0.15, 1.07]
571	[-0.07, 0.22, 0.1, 0.0, 0.02, -0.0, 1.0]	[-0.1, -0.14, 1.07]
572	[-0.06, 0.26, 0.09, 0.01, 0.02, -0.01, 1.0]	[-0.1, -0.14, 1.08]
573	[-0.08, 0.25, 0.03, 0.01, 0.02, -0.01, 1.0]	[-0.1, -0.14, 1.08]
574	[-0.06, 0.22, 0.04, 0.01, 0.02, -0.01, 1.0]	[-0.1, -0.13, 1.08]
575	[-0.06, 0.21, 0.08, 0.01, 0.02, -0.01, 1.0]	[-0.1, -0.13, 1.08]
576	[-0.02, -0.09, -0.14, 0.01, 0.02, -0.01, 1.0]	[-0.1, -0.13, 1.08]
577	[-0.01, 0.08, 0.01, 0.01, 0.02, -0.01, 1.0]	[-0.1, -0.13, 1.08]
578	[0.03, 0.07, -0.01, 0.01, 0.02, -0.01, 1.0]	[-0.1, -0.13, 1.08]
579	[-0.04, 0.02, -0.03, 0.01, 0.02, -0.01, 1.0]	[-0.1, -0.13, 1.08]
580	[-0.03, 0.05, 0.03, 0.01, 0.02, -0.01, 1.0]	[-0.1, -0.13, 1.08]
581	[-0.08, 0.0, -0.09, 0.01, 0.01, -0.01, 1.0]	[-0.1, -0.13, 1.08]
582	[-0.07, 0.04, -0.08, 0.01, 0.01, -0.01, 1.0]	[-0.1, -0.13, 1.08]
583	[-0.05, -0.02, -0.11, 0.01, 0.01, -0.01, 1.0]	[-0.1, -0.13, 1.08]
584	[0.0, -0.02, -0.1, 0.01, 0.01, -0.01, 1.0]	[-0.1, -0.13, 1.08]
585	[0.01, -0.02, -0.01, 0.01, 0.01, -0.0, 1.0]	[-0.1, -0.13, 1.08]
586	[0.12, -0.0, -0.02, 0.01, 0.01, -0.0, 1.0]	[-0.1, -0.13, 1.08]
587	[0.08, -0.04, 0.12, 0.0, 0.01, 0.0, 1.0]	[-0.1, -0.13, 1.08]
588	[0.04, -0.01, 0.06, 0.0, 0.01, 0.0, 1.0]	[-0.1, -0.13, 1.08]
589	[0.05, -0.03, 0.16, -0.0, 0.01, 0.0, 1.0]	[-0.1, -0.14, 1.08]
590	[0.08, 0.0, 0.17, -0.0, 0.01, 0.0, 1.0]	[-0.1, -0.14, 1.08]
591	[0.05, 0.02, 0.14, -0.0, 0.01, 0.0, 1.0]	[-0.1, -0.14, 1.08]
592	[0.06, 0.1, 0.06, -0.01, 0.01, 0.0, 1.0]	[-0.1, -0.14, 1.08]
593	[0.08, 0.11, 0.12, -0.01, 0.01, 0.0, 1.0]	[-0.1, -0.13, 1.08]
594	[0.07, 0.13, 0.09, -0.01, 0.01, -0.0, 1.0]	[-0.1, -0.13, 1.08]
595	[0.06, 0.14, 0.07, -0.0, 0.01, -0.0, 1.0]	[-0.1, -0.13, 1.08]
596	[0.03, 0.12, 0.01, -0.0, 0.01, -0.0, 1.0]	[-0.1, -0.13, 1.09]
597	[0.04, 0.15, -0.02, 0.0, 0.01, -0.0, 1.0]	[-0.1, -0.13, 1.09]
598	[0.06, 0.18, 0.0, 0.0, 0.01, -0.01, 1.0]	[-0.1, -0.13, 1.09]
599	[-0.0, 0.17, -0.07, 0.01, 0.0, -0.01, 1.0]	[-0.1, -0.12, 1.09]
600	[0.0, 0.12, -0.11, 0.01, 0.0, -0.01, 1.0]	[-0.1, -0.12, 1.09]
601	[-0.01, 0.15, -0.09, 0.01, -0.0, -0.01, 1.0]	[-0.1, -0.12, 1.08]
602	[0.06, 0.1, -0.04, 0.01, -0.01, -0.01, 1.0]	[-0.1, -0.12, 1.08]
603	[0.06, 0.08, -0.11, 0.01, -0.01, -0.01, 1.0]	[-0.1, -0.12, 1.08]
604	[0.11, -0.02, -0.01, 0.01, -0.01, -0.01, 1.0]	[-0.1, -0.12, 1.08]
605	[0.08, -0.02, -0.08, 0.01, -0.01, -0.01, 1.0]	[-0.09, -0.12, 1.08]
606	[0.02, 0.05, -0.14, 0.01, -0.01, -0.0, 1.0]	[-0.09, -0.12, 1.08]
607	[-0.0, -0.07, -0.11, 0.01, -0.01, -0.0, 1.0]	[-0.09, -0.11, 1.08]
608	[-0.02, 0.08, -0.19, 0.01, -0.01, -0.0, 1.0]	[-0.09, -0.12, 1.08]
609	[-0.13, -0.11, -0.19, 0.01, -0.02, -0.0, 1.0]	[-0.09, -0.11, 1.07]
610	[-0.07, -0.11, -0.2, 0.0, -0.02, -0.0, 1.0]	[-0.09, -0.12, 1.07]
611	[-0.09, -0.18, -0.21, 0.0, -0.03, 0.0, 1.0]	[-0.09, -0.12, 1.07]
612	[-0.06, -0.15, -0.29, 0.01, -0.03, 0.01, 1.0]	[-0.09, -0.12, 1.07]
613	[-0.12, -0.15, -0.13, 0.01, -0.03, 0.01, 1.0]	[-0.09, -0.12, 1.06]
614	[-0.11, -0.03, -0.15, 0.01, -0.03, 0.02, 1.0]	[-0.1, -0.12, 1.06]
615	[-0.18, -0.01, -0.08, 0.01, -0.03, 0.02, 1.0]	[-0.1, -0.12, 1.06]
616	[-0.13, 0.04, -0.01, 0.01, -0.03, 0.02, 1.0]	[-0.1, -0.12, 1.06]
617	[-0.2, 0.04, -0.22, 0.02, -0.03, 0.03, 1.0]	[-0.1, -0.12, 1.06]
618	[-0.26, 0.01, -0.2, 0.03, -0.03, 0.03, 1.0]	[-0.1, -0.12, 1.06]
619	[-0.36, 0.02, -0.16, 0.04, -0.02, 0.03, 1.0]	[-0.1, -0.12, 1.06]
620	[-0.33, -0.05, -0.21, 0.04, -0.02, 0.04, 1.0]	[-0.1, -0.12, 1.05]
621	[-0.18, -0.07, -0.01, 0.04, -0.03, 0.05, 1.0]	[-0.11, -0.12, 1.05]
622	[-0.1, -0.1, -0.02, 0.04, -0.03, 0.06, 1.0]	[-0.11, -0.12, 1.05]
623	[-0.12, -0.16, -0.05, 0.04, -0.03, 0.06, 1.0]	[-0.11, -0.12, 1.05]
624	[-0.22, -0.1, -0.01, 0.04, -0.02, 0.07, 1.0]	[-0.11, -0.12, 1.05]
625	[-0.24, -0.08, 0.0, 0.03, -0.01, 0.06, 1.0]	[-0.11, -0.13, 1.05]
626	[-0.25, -0.02, 0.05, 0.03, -0.01, 0.05, 1.0]	[-0.12, -0.13, 1.05]
627	[-0.16, 0.01, 0.1, 0.02, -0.01, 0.05, 1.0]	[-0.12, -0.13, 1.05]
628	[-0.18, 0.09, -0.01, 0.01, -0.01, 0.04, 1.0]	[-0.12, -0.13, 1.05]
629	[-0.11, 0.02, -0.02, 0.01, -0.01, 0.04, 1.0]	[-0.12, -0.13, 1.05]
630	[-0.09, -0.02, -0.11, 0.01, -0.01, 0.04, 1.0]	[-0.13, -0.12, 1.05]
631	[0.04, -0.05, -0.12, 0.02, -0.01, 0.04, 1.0]	[-0.13, -0.12, 1.05]
632	[0.01, -0.12, -0.28, 0.02, -0.01, 0.05, 1.0]	[-0.13, -0.12, 1.05]
633	[0.2, -0.11, -0.27, 0.04, -0.01, 0.06, 1.0]	[-0.13, -0.12, 1.05]
634	[0.15, -0.09, -0.35, 0.05, -0.01, 0.08, 1.0]	[-0.13, -0.12, 1.04]
635	[0.23, -0.06, -0.19, 0.06, -0.01, 0.09, 1.0]	[-0.13, -0.13, 1.04]
636	[0.15, -0.0, -0.16, 0.06, -0.01, 0.1, 1.0]	[-0.12, -0.13, 1.04]
637	[0.14, -0.02, -0.07, 0.06, -0.01, 0.1, 1.0]	[-0.12, -0.13, 1.04]
638	[0.05, 0.01, -0.1, 0.05, -0.01, 0.09, 1.0]	[-0.12, -0.13, 1.03]
639	[-0.05, 0.02, 0.04, 0.04, -0.03, 0.08, 1.0]	[-0.12, -0.13, 1.03]
640	[-0.05, 0.06, -0.08, 0.03, -0.03, 0.07, 1.0]	[-0.11, -0.13, 1.03]
641	[0.11, 0.07, -0.06, 0.03, -0.03, 0.06, 1.0]	[-0.11, -0.13, 1.03]
642	[0.14, 0.07, -0.08, 0.03, -0.03, 0.06, 1.0]	[-0.11, -0.13, 1.03]
643	[0.19, 0.04, -0.03, 0.03, -0.03, 0.05, 1.0]	[-0.11, -0.13, 1.03]
644	[0.17, 0.11, 0.11, 0.02, -0.03, 0.05, 1.0]	[-0.11, -0.13, 1.03]
645	[0.16, -0.0, 0.06, 0.02, -0.03, 0.04, 1.0]	[-0.11, -0.13, 1.04]
646	[0.06, 0.09, -0.03, 0.01, -0.03, 0.04, 1.0]	[-0.11, -0.13, 1.04]
647	[-0.09, 0.02, 0.0, 0.01, -0.03, 0.03, 1.0]	[-0.1, -0.13, 1.04]
648	[-0.21, 0.08, 0.01, 0.0, -0.04, 0.01, 1.0]	[-0.1, -0.13, 1.04]
649	[-0.2, 0.06, 0.14, -0.01, -0.04, 0.0, 1.0]	[-0.11, -0.13, 1.04]
650	[-0.14, 0.13, 0.13, -0.02, -0.05, -0.01, 1.0]	[-0.11, -0.13, 1.04]
651	[-0.14, 0.07, 0.18, -0.04, -0.07, -0.02, 1.0]	[-0.11, -0.13, 1.04]
652	[-0.14, 0.14, 0.01, -0.05, -0.08, -0.03, 1.0]	[-0.11, -0.13, 1.04]
653	[-0.12, 0.08, -0.18, -0.05, -0.1, -0.04, 1.0]	[-0.11, -0.12, 1.04]
654	[-0.02, 0.07, -0.29, -0.04, -0.11, -0.05, 1.0]	[-0.11, -0.12, 1.04]
655	[0.08, 0.06, -0.3, -0.03, -0.12, -0.04, 1.0]	[-0.11, -0.12, 1.04]
656	[0.18, -0.02, -0.32, -0.02, -0.11, -0.03, 1.0]	[-0.11, -0.12, 1.04]
657	[0.11, -0.04, -0.18, -0.01, -0.12, -0.03, 1.0]	[-0.11, -0.12, 1.03]
658	[0.06, -0.02, -0.13, -0.01, -0.12, -0.02, 1.0]	[-0.11, -0.12, 1.03]
659	[0.08, -0.06, -0.06, -0.0, -0.11, -0.01, 1.0]	[-0.11, -0.12, 1.03]
660	[0.04, -0.02, -0.13, -0.0, -0.12, -0.01, 1.0]	[-0.1, -0.12, 1.03]
661	[0.12, -0.06, -0.12, 0.0, -0.12, -0.0, 1.0]	[-0.1, -0.12, 1.03]
662	[0.14, -0.0, -0.16, 0.01, -0.1, 0.01, 1.0]	[-0.1, -0.12, 1.03]
663	[0.13, -0.02, -0.09, 0.01, -0.09, 0.01, 1.0]	[-0.1, -0.12, 1.02]
664	[-0.03, -0.02, 0.01, 0.01, -0.07, 0.01, 1.0]	[-0.1, -0.12, 1.02]
665	[-0.02, -0.02, 0.09, 0.0, -0.06, 0.0, 1.0]	[-0.1, -0.12, 1.02]
666	[-0.03, 0.05, 0.12, 0.0, -0.05, 0.0, 1.0]	[-0.1, -0.12, 1.02]
667	[-0.06, 0.02, 0.01, 0.0, -0.04, -0.0, 1.0]	[-0.1, -0.12, 1.02]
668	[-0.02, 0.03, 0.0, 0.01, -0.03, -0.0, -1.0]	[-0.1, -0.12, 1.02]
669	[0.0, 0.06, -0.06, 0.01, -0.02, -0.01, -1.0]	[-0.1, -0.12, 1.02]
670	[0.03, -0.02, -0.14, 0.03, -0.0, -0.01, -1.0]	[-0.1, -0.12, 1.02]
671	[0.08, 0.06, -0.04, 0.03, 0.01, -0.01, -1.0]	[-0.1, -0.12, 1.02]
672	[-0.09, 0.02, 0.12, 0.02, 0.02, -0.02, -1.0]	[-0.1, -0.12, 1.02]
673	[0.04, 0.03, -0.11, 0.02, 0.02, -0.02, -1.0]	[-0.1, -0.12, 1.02]
674	[-0.03, 0.01, -0.16, 0.02, 0.03, -0.02, -1.0]	[-0.11, -0.12, 1.02]
675	[0.08, 0.09, -0.13, 0.03, 0.03, -0.01, -1.0]	[-0.11, -0.12, 1.02]
676	[0.07, 0.06, -0.04, 0.03, 0.03, -0.0, -1.0]	[-0.11, -0.12, 1.01]
677	[0.09, 0.07, -0.01, 0.03, 0.03, -0.0, -1.0]	[-0.11, -0.12, 1.01]
678	[0.06, 0.07, 0.08, 0.03, 0.03, -0.0, -1.0]	[-0.11, -0.12, 1.01]
679	[0.13, 0.09, 0.01, 0.03, 0.04, 0.0, -1.0]	[-0.11, -0.12, 1.01]
680	[0.08, 0.13, -0.04, 0.03, 0.05, 0.0, -1.0]	[-0.1, -0.11, 1.01]
