step	robot0_action	robot1_action	robot0_eef_pos	robot1_eef_pos
0	[0.0, 0.0, 0.0, 0.0, 0.0, 0.0, -1.0]	[0.01, -0.0, -0.0, 0.13, 0.01, -0.0, -1.0]	[0.0, -0.37, 1.0]	[0.02, 0.35, 1.01]
1	[0.05, -0.15, -0.19, -0.01, 0.0, -0.01, -1.0]	[0.03, 0.0, 0.01, 0.13, 0.01, 0.0, -1.0]	[0.0, -0.37, 1.0]	[0.01, 0.35, 1.01]
2	[0.05, -0.19, -0.21, -0.01, 0.0, -0.01, -1.0]	[-0.1, -0.04, 0.04, 0.11, 0.01, -0.0, -1.0]	[0.0, -0.37, 1.0]	[0.01, 0.36, 1.01]
3	[0.01, -0.1, -0.04, -0.0, 0.0, -0.01, -1.0]	[-0.01, -0.03, 0.01, 0.1, 0.01, -0.0, -1.0]	[0.0, -0.37, 1.0]	[0.01, 0.36, 1.01]
4	[-0.01, -0.01, 0.07, -0.0, 0.0, -0.01, -1.0]	[-0.0, -0.02, 0.06, 0.09, 0.01, -0.0, -1.0]	[0.0, -0.37, 0.99]	[0.01, 0.36, 1.01]
5	[-0.02, 0.06, 0.07, -0.0, 0.0, -0.01, -1.0]	[0.01, -0.01, 0.04, 0.07, 0.0, -0.0, -1.0]	[0.0, -0.37, 0.99]	[0.01, 0.36, 1.01]
6	[-0.01, 0.08, 0.01, -0.0, 0.0, -0.01, -1.0]	[-0.02, -0.02, 0.03, 0.06, 0.0, -0.0, -1.0]	[0.0, -0.37, 1.0]	[0.01, 0.36, 1.01]
7	[-0.01, 0.05, -0.01, -0.0, 0.0, -0.01, -1.0]	[-0.02, -0.0, 0.01, 0.05, 0.0, -0.0, -1.0]	[0.0, -0.37, 1.0]	[0.01, 0.36, 1.01]
8	[-0.0, -0.0, -0.0, -0.0, 0.0, -0.01, -1.0]	[0.01, 0.01, -0.01, 0.05, 0.0, -0.0, -1.0]	[0.0, -0.37, 1.0]	[0.01, 0.36, 1.01]
9	[-0.0, -0.03, 0.01, -0.0, 0.0, -0.01, -1.0]	[0.03, 0.02, 0.01, 0.04, 0.0, -0.0, -1.0]	[0.0, -0.37, 1.0]	[0.01, 0.36, 1.01]
10	[-0.0, -0.02, 0.01, -0.0, 0.0, -0.01, -1.0]	[-0.01, -0.01, 0.02, 0.03, 0.0, -0.0, -1.0]	[0.0, -0.37, 1.0]	[0.01, 0.36, 1.01]
11	[-0.0, -0.0, -0.01, -0.0, 0.0, -0.0, -1.0]	[0.02, -0.01, 0.02, 0.02, -0.0, -0.0, -1.0]	[0.0, -0.37, 1.0]	[0.01, 0.36, 1.01]
12	[-0.0, 0.01, -0.01, -0.0, 0.0, -0.0, -1.0]	[0.02, -0.01, 0.03, 0.02, -0.0, -0.0, -1.0]	[0.0, -0.37, 1.0]	[0.01, 0.36, 1.01]
13	[-0.0, 0.01, -0.0, -0.0, 0.0, -0.0, -1.0]	[-0.01, -0.03, 0.02, 0.01, -0.01, -0.0, -1.0]	[0.0, -0.37, 1.0]	[0.01, 0.35, 1.01]
14	[-0.0, 0.0, 0.01, -0.0, 0.0, -0.0, -1.0]	[0.02, 0.01, 0.06, 0.0, -0.01, -0.0, -1.0]	[0.0, -0.37, 1.0]	[0.01, 0.35, 1.01]
15	[-0.0, 0.0, 0.01, -0.0, 0.0, -0.0, -1.0]	[0.04, 0.05, 0.09, -0.0, -0.01, -0.0, -1.0]	[0.0, -0.37, 1.0]	[0.01, 0.35, 1.01]
16	[-0.0, 0.0, 0.0, -0.0, 0.0, -0.0, -1.0]	[0.0, 0.0, -0.06, -0.01, -0.02, 0.0, -1.0]	[0.0, -0.37, 1.0]	[0.01, 0.35, 1.01]
17	[-0.0, 0.0, 0.0, -0.0, 0.0, -0.0, -1.0]	[0.09, 0.08, 0.02, -0.01, -0.02, 0.01, -1.0]	[0.0, -0.37, 1.0]	[0.01, 0.35, 1.01]
18	[-0.0, 0.0, 0.0, -0.0, 0.0, -0.0, -1.0]	[-0.02, -0.01, -0.05, -0.01, -0.02, 0.01, -1.0]	[0.0, -0.37, 1.0]	[0.01, 0.35, 1.01]
19	[-0.0, 0.0, 0.0, -0.0, 0.0, -0.0, -1.0]	[0.03, 0.09, 0.07, -0.01, -0.02, 0.01, -1.0]	[0.0, -0.37, 1.0]	[0.01, 0.35, 1.01]
20	[-0.0, 0.0, 0.0, -0.0, 0.0, -0.0, -1.0]	[-0.19, -0.04, -0.02, -0.01, -0.02, 0.01, -1.0]	[0.0, -0.37, 1.0]	[0.01, 0.35, 1.01]
21	[-0.0, 0.0, 0.0, -0.0, 0.0, -0.0, -1.0]	[-0.17, 0.08, 0.04, -0.01, -0.02, 0.0, -1.0]	[0.0, -0.37, 1.0]	[0.01, 0.35, 1.01]
22	[-0.0, 0.0, 0.0, -0.0, 0.0, -0.0, -1.0]	[-0.39, -0.03, -0.12, -0.01, -0.02, -0.0, -1.0]	[0.0, -0.37, 1.0]	[0.01, 0.35, 1.01]
23	[-0.0, 0.0, 0.0, -0.0, 0.0, -0.0, -1.0]	[-0.33, 0.09, -0.03, -0.01, -0.01, -0.0, -1.0]	[0.0, -0.37, 1.0]	[0.01, 0.35, 1.01]
24	[-0.0, 0.0, 0.0, -0.0, 0.0, -0.0, -1.0]	[-0.53, -0.02, -0.2, -0.01, -0.01, -0.01, -1.0]	[0.0, -0.37, 1.0]	[0.0, 0.35, 1.01]
25	[-0.0, 0.0, 0.0, -0.0, 0.0, -0.0, -1.0]	[-0.46, 0.01, -0.18, -0.01, -0.0, -0.02, -1.0]	[0.0, -0.37, 1.0]	[-0.0, 0.35, 1.01]
26	[-0.0, 0.0, 0.0, -0.0, 0.0, -0.0, -1.0]	[-0.42, 0.03, -0.12, -0.01, 0.0, -0.02, -1.0]	[0.0, -0.37, 1.0]	[-0.01, 0.35, 1.01]
27	[-0.0, 0.0, 0.0, -0.0, 0.0, -0.0, -1.0]	[-0.42, 0.08, -0.07, -0.01, 0.01, -0.03, -1.0]	[0.0, -0.37, 1.0]	[-0.01, 0.35, 1.01]
28	[-0.0, 0.0, 0.0, -0.0, 0.0, -0.0, -1.0]	[-0.39, -0.02, -0.19, -0.02, 0.01, -0.03, -1.0]	[0.0, -0.37, 1.0]	[-0.02, 0.36, 1.01]
29	[-0.0, 0.0, 0.0, -0.0, 0.0, -0.0, -1.0]	[-0.45, 0.04, -0.06, -0.02, 0.02, -0.04, -1.0]	[0.0, -0.37, 1.0]	[-0.03, 0.36, 1.0]
30	[-0.0, 0.0, 0.0, -0.0, 0.0, -0.0, -1.0]	[-0.44, 0.06, -0.08, -0.01, 0.02, -0.04, -1.0]	[0.0, -0.37, 1.0]	[-0.03, 0.36, 1.0]
31	[-0.0, 0.0, 0.0, -0.0, 0.0, -0.0, -1.0]	[-0.43, 0.08, -0.05, -0.02, 0.02, -0.04, -1.0]	[0.0, -0.37, 1.0]	[-0.04, 0.36, 1.0]
32	[-0.0, 0.0, 0.0, -0.0, 0.0, -0.0, -1.0]	[-0.4, 0.02, -0.15, -0.01, 0.02, -0.04, -1.0]	[0.0, -0.37, 1.0]	[-0.04, 0.36, 1.0]
33	[-0.0, 0.0, 0.0, -0.0, 0.0, -0.0, -1.0]	[-0.43, 0.05, -0.08, -0.01, 0.03, -0.05, -1.0]	[0.0, -0.37, 1.0]	[-0.05, 0.36, 1.0]
34	[-0.0, 0.0, 0.0, -0.0, 0.0, -0.0, -1.0]	[-0.63, 0.05, -0.04, -0.0, 0.03, -0.06, -1.0]	[0.0, -0.37, 1.0]	[-0.05, 0.36, 1.0]
35	[-0.0, 0.0, 0.0, -0.0, 0.0, -0.0, -1.0]	[-0.4, 0.07, 0.02, -0.0, 0.03, -0.06, -1.0]	[0.0, -0.37, 1.0]	[-0.06, 0.36, 1.0]
36	[-0.0, 0.0, 0.0, -0.0, 0.0, -0.0, -1.0]	[-0.41, 0.08, -0.16, -0.0, 0.02, -0.06, -1.0]	[0.0, -0.37, 1.0]	[-0.07, 0.36, 1.0]
37	[-0.0, 0.0, 0.0, -0.0, 0.0, -0.0, -1.0]	[-0.34, 0.12, 0.0, -0.0, 0.02, -0.05, -1.0]	[0.0, -0.37, 1.0]	[-0.07, 0.36, 1.0]
38	[-0.0, 0.0, 0.0, -0.0, 0.0, -0.0, -1.0]	[-0.37, 0.05, -0.04, -0.01, 0.01, -0.05, -1.0]	[0.0, -0.37, 1.0]	[-0.08, 0.36, 0.99]
39	[-0.0, 0.0, 0.0, -0.0, 0.0, -0.0, -1.0]	[-0.32, 0.09, -0.07, -0.0, 0.01, -0.04, -1.0]	[0.0, -0.37, 1.0]	[-0.08, 0.36, 0.99]
40	[-0.0, 0.0, 0.0, -0.0, 0.0, -0.0, -1.0]	[-0.39, 0.07, -0.24, 0.0, 0.0, -0.03, -1.0]	[0.0, -0.37, 1.0]	[-0.09, 0.36, 0.99]
41	[-0.0, 0.0, 0.0, -0.0, 0.0, -0.0, -1.0]	[-0.3, 0.09, -0.14, 0.01, 0.0, -0.02, -1.0]	[0.0, -0.37, 1.0]	[-0.09, 0.37, 0.99]
42	[-0.0, 0.0, 0.0, -0.0, 0.0, -0.0, -1.0]	[-0.39, 0.12, -0.2, 0.01, -0.0, -0.01, -1.0]	[0.0, -0.37, 1.0]	[-0.1, 0.37, 0.99]
43	[-0.0, 0.0, 0.0, -0.0, 0.0, -0.0, -1.0]	[-0.26, 0.12, -0.09, 0.0, -0.0, -0.01, -1.0]	[0.0, -0.37, 1.0]	[-0.1, 0.37, 0.99]
44	[-0.0, 0.0, 0.0, -0.0, 0.0, -0.0, -1.0]	[-0.28, 0.1, -0.15, -0.0, -0.01, 0.0, -1.0]	[0.0, -0.37, 1.0]	[-0.1, 0.37, 0.99]
45	[-0.0, 0.0, 0.0, -0.0, 0.0, -0.0, -1.0]	[-0.18, 0.14, -0.03, -0.01, -0.01, 0.01, -1.0]	[0.0, -0.37, 1.0]	[-0.11, 0.37, 0.98]
46	[-0.0, 0.0, 0.0, -0.0, 0.0, -0.0, -1.0]	[-0.16, 0.05, -0.35, -0.0, -0.02, 0.01, -1.0]	[0.0, -0.37, 1.0]	[-0.11, 0.37, 0.98]
47	[-0.0, 0.0, 0.0, -0.0, 0.0, -0.0, -1.0]	[-0.21, 0.15, -0.1, -0.01, -0.02, 0.01, -1.0]	[0.0, -0.37, 1.0]	[-0.11, 0.37, 0.98]
48	[-0.0, 0.0, 0.0, -0.0, 0.0, -0.0, -1.0]	[-0.16, 0.1, -0.2, -0.0, -0.02, 0.01, -1.0]	[0.0, -0.37, 1.0]	[-0.11, 0.37, 0.98]
49	[-0.0, 0.0, 0.0, -0.0, 0.0, -0.0, -1.0]	[-0.29, 0.18, -0.22, 0.0, -0.01, -0.0, -1.0]	[0.0, -0.37, 1.0]	[-0.12, 0.37, 0.98]
50	[-0.0, 0.0, 0.0, -0.0, 0.0, -0.0, -1.0]	[0.03, 0.11, -0.22, 0.01, 0.0, -0.01, -1.0]	[0.0, -0.37, 1.0]	[-0.12, 0.38, 0.97]
51	[-0.0, 0.0, 0.0, -0.0, 0.0, -0.0, -1.0]	[-0.29, 0.29, -0.15, 0.01, 0.01, -0.01, -1.0]	[0.0, -0.37, 1.0]	[-0.12, 0.38, 0.97]
52	[-0.0, 0.0, 0.0, -0.0, 0.0, -0.0, -1.0]	[-0.13, 0.19, -0.2, 0.02, 0.02, -0.01, -1.0]	[0.0, -0.37, 1.0]	[-0.12, 0.38, 0.97]
53	[-0.0, 0.0, 0.0, -0.0, 0.0, -0.0, -1.0]	[-0.29, 0.31, -0.11, 0.02, 0.02, -0.02, -1.0]	[0.0, -0.37, 1.0]	[-0.13, 0.38, 0.97]
54	[-0.0, 0.0, 0.0, -0.0, 0.0, -0.0, -1.0]	[-0.13, 0.21, 0.1, 0.01, 0.02, -0.02, -1.0]	[0.0, -0.37, 1.0]	[-0.13, 0.39, 0.96]
55	[-0.0, 0.0, 0.0, -0.0, 0.0, -0.0, -1.0]	[-0.12, 0.27, 0.03, 0.01, 0.02, -0.02, -1.0]	[0.0, -0.37, 1.0]	[-0.13, 0.39, 0.96]
56	[-0.0, 0.0, 0.0, -0.0, 0.0, -0.0, -1.0]	[-0.16, 0.23, -0.05, 0.01, 0.01, -0.03, -1.0]	[0.0, -0.37, 1.0]	[-0.14, 0.39, 0.96]
57	[-0.0, 0.0, 0.0, -0.0, 0.0, -0.0, -1.0]	[-0.22, 0.2, -0.11, 0.01, 0.02, -0.03, -1.0]	[0.0, -0.37, 1.0]	[-0.14, 0.4, 0.96]
58	[-0.0, 0.0, 0.0, -0.0, 0.0, -0.0, -1.0]	[-0.3, 0.2, -0.27, 0.02, 0.01, -0.03, -1.0]	[0.0, -0.37, 1.0]	[-0.14, 0.4, 0.96]
59	[-0.0, 0.0, 0.0, -0.0, 0.0, -0.0, -1.0]	[-0.24, 0.16, -0.29, 0.02, 0.01, -0.03, -1.0]	[0.0, -0.37, 1.0]	[-0.14, 0.4, 0.96]
60	[-0.0, 0.0, 0.0, -0.0, 0.0, -0.0, -1.0]	[-0.31, 0.18, -0.48, 0.02, 0.01, -0.03, -1.0]	[0.0, -0.37, 1.0]	[-0.15, 0.41, 0.96]
61	[-0.0, 0.0, 0.0, -0.0, 0.0, -0.0, -1.0]	[-0.22, 0.16, -0.3, 0.02, 0.01, -0.03, -1.0]	[0.0, -0.37, 1.0]	[-0.15, 0.41, 0.95]
62	[-0.0, 0.0, 0.0, -0.0, 0.0, -0.0, -1.0]	[-0.28, 0.17, -0.35, 0.03, 0.01, -0.03, -1.0]	[0.0, -0.37, 1.0]	[-0.15, 0.41, 0.95]
63	[-0.0, 0.0, 0.0, -0.0, 0.0, -0.0, -1.0]	[-0.19, 0.16, -0.18, 0.03, 0.01, -0.03, -1.0]	[0.0, -0.37, 1.0]	[-0.16, 0.41, 0.94]
64	[-0.0, 0.0, 0.0, -0.0, 0.0, -0.0, -1.0]	[-0.19, 0.08, -0.16, 0.04, 0.01, -0.03, -1.0]	[0.0, -0.37, 1.0]	[-0.16, 0.41, 0.94]
65	[-0.0, 0.0, 0.0, -0.0, 0.0, -0.0, -1.0]	[-0.21, 0.16, -0.15, 0.04, 0.01, -0.03, -1.0]	[0.0, -0.37, 1.0]	[-0.16, 0.42, 0.94]
66	[-0.0, 0.0, 0.0, -0.0, 0.0, -0.0, -1.0]	[-0.23, 0.13, -0.23, 0.04, 0.01, -0.03, -1.0]	[0.0, -0.37, 1.0]	[-0.16, 0.42, 0.93]
67	[-0.0, 0.0, 0.0, -0.0, 0.0, -0.0, -1.0]	[-0.26, 0.1, -0.34, 0.05, 0.01, -0.03, -1.0]	[0.0, -0.37, 1.0]	[-0.17, 0.42, 0.93]
68	[-0.0, 0.0, 0.0, -0.0, 0.0, -0.0, -1.0]	[-0.25, 0.02, -0.32, 0.05, 0.02, -0.03, -1.0]	[0.0, -0.37, 1.0]	[-0.17, 0.42, 0.93]
69	[-0.0, 0.0, 0.0, -0.0, 0.0, -0.0, -1.0]	[-0.24, 0.12, -0.34, 0.06, 0.02, -0.04, -1.0]	[0.0, -0.37, 1.0]	[-0.17, 0.42, 0.92]
70	[-0.0, 0.0, 0.0, -0.0, 0.0, -0.0, -1.0]	[-0.19, 0.12, -0.34, 0.06, 0.01, -0.04, -1.0]	[0.0, -0.37, 1.0]	[-0.18, 0.43, 0.92]
71	[-0.0, 0.0, 0.0, -0.0, 0.0, -0.0, -1.0]	[-0.14, 0.15, -0.22, 0.06, 0.01, -0.04, -1.0]	[0.0, -0.37, 1.0]	[-0.18, 0.43, 0.91]
72	[-0.0, 0.0, 0.0, -0.0, 0.0, -0.0, -1.0]	[-0.11, 0.14, -0.13, 0.06, 0.01, -0.04, -1.0]	[0.0, -0.37, 1.0]	[-0.18, 0.43, 0.91]
73	[-0.0, 0.0, 0.0, -0.0, 0.0, -0.0, -1.0]	[-0.05, 0.18, -0.17, 0.05, 0.01, -0.04, -1.0]	[0.0, -0.37, 1.0]	[-0.18, 0.43, 0.91]
74	[-0.0, 0.0, 0.0, -0.0, 0.0, -0.0, -1.0]	[-0.09, 0.13, -0.22, 0.05, 0.01, -0.04, -1.0]	[0.0, -0.37, 1.0]	[-0.19, 0.44, 0.91]
75	[-0.0, 0.0, 0.0, -0.0, 0.0, -0.0, -1.0]	[-0.06, 0.17, -0.21, 0.05, 0.01, -0.04, -1.0]	[0.0, -0.37, 1.0]	[-0.19, 0.44, 0.9]
76	[-0.0, 0.0, 0.0, -0.0, 0.0, -0.0, -1.0]	[-0.22, 0.17, -0.31, 0.05, 0.01, -0.04, -1.0]	[0.0, -0.37, 1.0]	[-0.19, 0.44, 0.9]
77	[-0.0, 0.0, 0.0, -0.0, 0.0, -0.0, -1.0]	[-0.08, 0.15, -0.26, 0.05, 0.01, -0.04, -1.0]	[0.0, -0.37, 1.0]	[-0.19, 0.44, 0.9]
78	[-0.0, 0.0, 0.0, -0.0, 0.0, -0.0, -1.0]	[-0.13, 0.16, -0.34, 0.06, 0.01, -0.04, -1.0]	[0.0, -0.37, 1.0]	[-0.19, 0.45, 0.89]
79	[-0.0, 0.0, 0.0, -0.0, 0.0, -0.0, -1.0]	[0.03, 0.18, -0.22, 0.06, 0.01, -0.04, -1.0]	[0.0, -0.37, 1.0]	[-0.19, 0.45, 0.89]
80	[-0.0, 0.0, 0.0, -0.0, 0.0, -0.0, -1.0]	[-0.0, 0.23, -0.27, 0.05, 0.01, -0.04, -1.0]	[0.0, -0.37, 1.0]	[-0.19, 0.45, 0.88]
81	[-0.0, 0.0, 0.0, -0.0, 0.0, -0.0, -1.0]	[0.13, 0.22, -0.05, 0.05, 0.0, -0.03, -1.0]	[0.0, -0.37, 1.0]	[-0.19, 0.45, 0.88]
82	[-0.0, 0.0, 0.0, -0.0, 0.0, -0.0, -1.0]	[0.04, 0.18, -0.1, 0.04, 0.0, -0.03, -1.0]	[0.0, -0.37, 1.0]	[-0.19, 0.46, 0.88]
83	[-0.0, 0.0, 0.0, -0.0, 0.0, -0.0, -1.0]	[0.13, 0.18, -0.0, 0.04, -0.0, -0.02, -1.0]	[0.0, -0.37, 1.0]	[-0.19, 0.46, 0.88]
84	[-0.0, 0.0, 0.0, -0.0, 0.0, -0.0, -1.0]	[0.01, 0.17, -0.13, 0.04, -0.0, -0.02, -1.0]	[0.0, -0.37, 1.0]	[-0.19, 0.46, 0.88]
85	[-0.0, 0.0, 0.0, -0.0, 0.0, -0.0, -1.0]	[0.01, 0.12, 0.01, 0.03, -0.0, -0.02, -1.0]	[0.0, -0.37, 1.0]	[-0.19, 0.46, 0.88]
86	[-0.0, 0.0, 0.0, -0.0, 0.0, -0.0, -1.0]	[-0.11, 0.04, -0.12, 0.03, -0.0, -0.02, -1.0]	[0.0, -0.37, 1.0]	[-0.19, 0.47, 0.88]
87	[-0.0, 0.0, 0.0, -0.0, 0.0, -0.0, -1.0]	[-0.09, 0.05, -0.06, 0.03, -0.0, -0.02, -1.0]	[0.0, -0.37, 1.0]	[-0.19, 0.47, 0.87]
88	[-0.0, 0.0, 0.0, -0.0, 0.0, -0.0, -1.0]	[-0.12, -0.05, -0.1, 0.03, -0.0, -0.02, -1.0]	[0.0, -0.37, 1.0]	[-0.19, 0.47, 0.87]
89	[-0.0, 0.0, 0.0, -0.0, 0.0, -0.0, -1.0]	[-0.1, -0.02, -0.21, 0.03, -0.0, -0.02, -1.0]	[0.0, -0.37, 1.0]	[-0.19, 0.47, 0.87]
90	[-0.0, 0.0, 0.0, -0.0, 0.0, -0.0, -1.0]	[-0.08, -0.06, -0.24, 0.03, -0.0, -0.02, -1.0]	[0.0, -0.37, 1.0]	[-0.19, 0.47, 0.87]
91	[-0.0, 0.0, 0.0, -0.0, 0.0, -0.0, -1.0]	[-0.04, -0.07, -0.23, 0.03, -0.0, -0.02, -1.0]	[0.0, -0.37, 1.0]	[-0.19, 0.47, 0.87]
92	[-0.0, 0.0, 0.0, -0.0, 0.0, -0.0, -1.0]	[-0.08, -0.09, -0.17, 0.02, -0.0, -0.02, -1.0]	[0.0, -0.37, 1.0]	[-0.2, 0.47, 0.86]
93	[-0.0, 0.0, 0.0, -0.0, 0.0, -0.0, -1.0]	[-0.14, -0.11, -0.19, 0.02, 0.0, -0.03, -1.0]	[0.0, -0.37, 1.0]	[-0.2, 0.47, 0.86]
94	[-0.0, 0.0, 0.0, -0.0, 0.0, -0.0, -1.0]	[-0.18, -0.09, -0.21, 0.02, 0.0, -0.03, -1.0]	[0.0, -0.37, 1.0]	[-0.2, 0.46, 0.86]
95	[-0.0, 0.0, 0.0, -0.0, 0.0, -0.0, -1.0]	[-0.18, -0.09, -0.17, 0.02, 0.01, -0.03, -1.0]	[0.0, -0.37, 1.0]	[-0.2, 0.46, 0.86]
96	[-0.0, 0.0, 0.0, -0.0, 0.0, -0.0, -1.0]	[-0.14, -0.07, -0.14, 0.02, 0.01, -0.03, -1.0]	[0.0, -0.37, 1.0]	[-0.2, 0.46, 0.85]
97	[-0.0, 0.0, 0.0, -0.0, 0.0, -0.0, -1.0]	[-0.11, -0.08, -0.09, 0.02, 0.01, -0.03, -1.0]	[0.0, -0.37, 1.0]	[-0.2, 0.46, 0.85]
98	[-0.0, 0.0, 0.0, -0.0, 0.0, -0.0, -1.0]	[-0.07, -0.09, -0.04, 0.02, 0.01, -0.03, -1.0]	[0.0, -0.37, 1.0]	[-0.21, 0.46, 0.85]
99	[-0.0, 0.0, 0.0, -0.0, 0.0, -0.0, -1.0]	[-0.02, -0.07, -0.16, 0.02, 0.01, -0.03, -1.0]	[0.0, -0.37, 1.0]	[-0.21, 0.46, 0.85]
100	[-0.0, 0.0, 0.0, -0.0, 0.0, -0.0, -1.0]	[-0.01, -0.05, -0.1, 0.02, 0.01, -0.02, -1.0]	[0.0, -0.37, 1.0]	[-0.21, 0.46, 0.85]
101	[-0.0, 0.0, 0.0, -0.0, 0.0, -0.0, -1.0]	[0.01, -0.04, -0.17, 0.02, 0.01, -0.02, -1.0]	[0.0, -0.37, 1.0]	[-0.21, 0.46, 0.85]
102	[-0.0, 0.0, 0.0, -0.0, 0.0, -0.0, -1.0]	[0.02, -0.04, -0.15, 0.02, 0.01, -0.02, -1.0]	[0.0, -0.37, 1.0]	[-0.21, 0.46, 0.84]
103	[-0.0, 0.0, 0.0, -0.0, 0.0, -0.0, -1.0]	[0.06, -0.05, -0.15, 0.02, 0.01, -0.01, -1.0]	[0.0, -0.37, 1.0]	[-0.21, 0.46, 0.84]
104	[-0.0, 0.0, 0.0, -0.0, 0.0, -0.0, -1.0]	[0.03, -0.07, -0.04, 0.02, 0.01, -0.01, -1.0]	[0.0, -0.37, 1.0]	[-0.21, 0.46, 0.84]
105	[-0.0, 0.0, 0.0, -0.0, 0.0, -0.0, -1.0]	[0.11, -0.06, -0.04, 0.02, 0.01, -0.01, -1.0]	[0.0, -0.37, 1.0]	[-0.21, 0.46, 0.84]
106	[-0.0, 0.0, 0.0, -0.0, 0.0, -0.0, -1.0]	[0.08, -0.06, 0.08, 0.02, 0.01, -0.0, -1.0]	[0.0, -0.37, 1.0]	[-0.21, 0.46, 0.84]
107	[-0.0, 0.0, 0.0, -0.0, 0.0, -0.0, -1.0]	[0.12, -0.08, 0.07, 0.02, 0.01, 0.0, -1.0]	[0.0, -0.37, 1.0]	[-0.21, 0.46, 0.84]
108	[-0.0, 0.0, 0.0, -0.0, 0.0, -0.0, -1.0]	[0.15, -0.06, 0.06, 0.01, 0.01, 0.01, -1.0]	[0.0, -0.37, 1.0]	[-0.21, 0.46, 0.84]
109	[-0.0, 0.0, 0.0, -0.0, 0.0, -0.0, -1.0]	[0.13, -0.03, 0.04, 0.01, 0.01, 0.01, -1.0]	[0.0, -0.37, 1.0]	[-0.2, 0.46, 0.84]
110	[-0.0, 0.0, 0.0, -0.0, 0.0, -0.0, -1.0]	[0.07, -0.07, 0.02, 0.01, 0.0, 0.02, -1.0]	[0.0, -0.37, 1.0]	[-0.2, 0.46, 0.84]
111	[-0.0, 0.0, 0.0, -0.0, 0.0, -0.0, -1.0]	[0.04, -0.07, -0.04, 0.01, 0.0, 0.02, -1.0]	[0.0, -0.37, 1.0]	[-0.2, 0.46, 0.84]
112	[-0.0, 0.0, 0.0, -0.0, 0.0, -0.0, -1.0]	[-0.02, -0.05, -0.04, 0.01, 0.0, 0.01, -1.0]	[0.0, -0.37, 1.0]	[-0.2, 0.45, 0.84]
113	[-0.0, 0.0, 0.0, -0.0, 0.0, -0.0, -1.0]	[-0.06, -0.03, 0.01, -0.0, 0.0, 0.01, 1.0]	[0.0, -0.37, 1.0]	[-0.2, 0.45, 0.84]
114	[-0.0, 0.0, 0.0, -0.0, 0.0, -0.0, -1.0]	[0.01, -0.12, -0.1, -0.01, 0.0, 0.01, 1.0]	[0.0, -0.37, 1.0]	[-0.2, 0.45, 0.84]
115	[-0.0, 0.0, 0.0, -0.0, 0.0, -0.0, -1.0]	[-0.0, -0.11, -0.07, -0.0, 0.0, 0.01, 1.0]	[0.0, -0.37, 1.0]	[-0.2, 0.45, 0.84]
116	[-0.0, 0.0, 0.0, -0.0, 0.0, -0.0, -1.0]	[-0.01, -0.08, -0.1, 0.0, 0.0, 0.01, 1.0]	[0.0, -0.37, 1.0]	[-0.2, 0.45, 0.84]
117	[-0.0, 0.0, 0.0, -0.0, 0.0, -0.0, -1.0]	[-0.03, -0.06, -0.12, 0.01, 0.0, 0.0, 1.0]	[0.0, -0.37, 1.0]	[-0.2, 0.45, 0.84]
118	[-0.0, 0.0, 0.0, -0.0, 0.0, -0.0, -1.0]	[0.0, -0.09, -0.18, 0.01, 0.0, 0.0, 1.0]	[0.0, -0.37, 1.0]	[-0.2, 0.45, 0.84]
119	[-0.0, 0.0, 0.0, -0.0, 0.0, -0.0, -1.0]	[-0.02, -0.04, -0.12, 0.01, 0.0, 0.0, 1.0]	[0.0, -0.37, 1.0]	[-0.2, 0.45, 0.83]
120	[-0.0, 0.0, 0.0, -0.0, 0.0, -0.0, -1.0]	[-0.05, -0.07, -0.1, 0.01, 0.0, -0.0, 1.0]	[0.0, -0.37, 1.0]	[-0.2, 0.45, 0.83]
121	[-0.0, 0.0, 0.0, -0.0, 0.0, -0.0, -1.0]	[-0.02, -0.03, -0.08, 0.01, 0.0, -0.0, 1.0]	[0.0, -0.37, 1.0]	[-0.2, 0.45, 0.83]
122	[-0.0, 0.0, 0.0, -0.0, 0.0, -0.0, -1.0]	[-0.05, -0.05, -0.11, 0.01, 0.0, -0.01, 1.0]	[0.0, -0.37, 1.0]	[-0.2, 0.45, 0.83]
123	[-0.0, 0.0, 0.0, -0.0, 0.0, -0.0, -1.0]	[-0.01, -0.03, -0.08, 0.01, 0.0, -0.01, 1.0]	[0.0, -0.37, 1.0]	[-0.2, 0.45, 0.83]
124	[-0.0, 0.0, 0.0, -0.0, 0.0, -0.0, -1.0]	[-0.03, -0.0, -0.18, 0.01, 0.0, -0.01, 1.0]	[0.0, -0.37, 1.0]	[-0.2, 0.44, 0.83]
125	[-0.0, 0.0, 0.0, -0.0, 0.0, -0.0, -1.0]	[0.03, -0.02, -0.05, 0.01, -0.0, -0.01, 1.0]	[0.0, -0.37, 1.0]	[-0.2, 0.44, 0.83]
126	[-0.0, 0.0, 0.0, -0.0, 0.0, -0.0, -1.0]	[0.05, -0.03, -0.08, 0.01, -0.0, -0.01, 1.0]	[0.0, -0.37, 1.0]	[-0.2, 0.44, 0.83]
127	[-0.0, 0.0, 0.0, -0.0, 0.0, -0.0, -1.0]	[0.07, -0.05, 0.06, 0.01, -0.0, -0.01, 1.0]	[0.0, -0.37, 1.0]	[-0.2, 0.44, 0.83]
128	[-0.0, 0.0, 0.0, -0.0, 0.0, -0.0, -1.0]	[0.08, -0.07, 0.18, 0.0, -0.0, -0.01, 1.0]	[0.0, -0.37, 1.0]	[-0.2, 0.44, 0.83]
129	[-0.0, 0.0, 0.0, -0.0, 0.0, -0.0, -1.0]	[0.09, -0.09, 0.26, -0.0, -0.0, -0.0, 1.0]	[0.0, -0.37, 1.0]	[-0.2, 0.44, 0.83]
130	[-0.0, 0.0, 0.0, -0.0, 0.0, -0.0, -1.0]	[0.07, -0.12, 0.43, -0.01, -0.0, -0.0, 1.0]	[0.0, -0.37, 1.0]	[-0.2, 0.44, 0.83]
131	[-0.0, 0.0, 0.0, -0.0, 0.0, -0.0, -1.0]	[0.08, -0.11, 0.46, -0.02, -0.01, 0.0, 1.0]	[0.0, -0.37, 1.0]	[-0.2, 0.44, 0.84]
132	[-0.0, 0.0, 0.0, -0.0, 0.0, -0.0, -1.0]	[0.06, -0.15, 0.52, -0.03, -0.01, 0.0, 1.0]	[0.0, -0.37, 1.0]	[-0.2, 0.44, 0.84]
133	[-0.0, 0.0, 0.0, -0.0, 0.0, -0.0, -1.0]	[0.06, -0.11, 0.52, -0.03, -0.01, 0.0, 1.0]	[0.0, -0.37, 1.0]	[-0.2, 0.44, 0.85]
134	[-0.0, 0.0, 0.0, -0.0, 0.0, -0.0, -1.0]	[0.09, -0.13, 0.53, -0.04, -0.01, 0.01, 1.0]	[0.0, -0.37, 1.0]	[-0.2, 0.44, 0.86]
135	[-0.0, 0.0, 0.0, -0.0, 0.0, -0.0, -1.0]	[0.07, -0.1, 0.5, -0.04, -0.01, 0.01, 1.0]	[0.0, -0.37, 1.0]	[-0.19, 0.44, 0.86]
136	[-0.0, 0.0, 0.0, -0.0, 0.0, -0.0, -1.0]	[0.07, -0.08, 0.28, -0.04, -0.01, 0.01, 1.0]	[0.0, -0.37, 1.0]	[-0.19, 0.44, 0.87]
137	[-0.0, 0.0, 0.0, -0.0, 0.0, -0.0, -1.0]	[0.08, -0.13, 0.58, -0.04, -0.01, 0.01, 1.0]	[0.0, -0.37, 1.0]	[-0.19, 0.43, 0.88]
138	[-0.0, 0.0, 0.0, -0.0, 0.0, -0.0, -1.0]	[0.03, -0.06, 0.16, -0.04, -0.01, 0.01, 1.0]	[0.0, -0.37, 1.0]	[-0.19, 0.43, 0.88]
139	[-0.0, 0.0, 0.0, -0.0, 0.0, -0.0, -1.0]	[0.08, -0.14, 0.55, -0.05, -0.01, 0.01, 1.0]	[0.0, -0.37, 1.0]	[-0.19, 0.43, 0.89]
140	[-0.0, 0.0, 0.0, -0.0, 0.0, -0.0, -1.0]	[0.05, -0.07, 0.17, -0.04, -0.01, 0.01, 1.0]	[0.0, -0.37, 1.0]	[-0.19, 0.43, 0.89]
141	[-0.0, 0.0, 0.0, -0.0, 0.0, -0.0, -1.0]	[0.1, -0.13, 0.58, -0.05, -0.01, 0.01, 1.0]	[0.0, -0.37, 1.0]	[-0.19, 0.43, 0.9]
142	[-0.0, 0.0, 0.0, -0.0, 0.0, -0.0, -1.0]	[0.06, -0.05, 0.18, -0.04, -0.01, 0.01, 1.0]	[0.0, -0.37, 1.0]	[-0.19, 0.43, 0.9]
143	[0.0, 0.0, 0.0, 1.0, -0.08, -0.01, -1.0]	[0.12, -0.13, 0.62, -0.04, -0.01, 0.02, 1.0]	[0.0, -0.37, 1.0]	[-0.19, 0.43, 0.91]
144	[0.09, -0.13, -0.11, -0.13, -0.0, 0.05, -1.0]	[0.07, -0.11, 0.36, -0.04, -0.01, 0.02, 1.0]	[0.01, -0.36, 1.0]	[-0.18, 0.43, 0.91]
145	[-0.01, -0.14, 0.19, -0.14, -0.0, 0.04, -1.0]	[0.04, -0.08, 0.3, -0.04, -0.01, 0.01, 1.0]	[0.01, -0.36, 1.01]	[-0.18, 0.42, 0.92]
146	[0.34, -0.41, 0.32, -0.11, -0.0, 0.03, -1.0]	[0.08, -0.11, 0.38, -0.04, -0.01, 0.02, 1.0]	[0.01, -0.36, 1.01]	[-0.18, 0.42, 0.92]
147	[0.33, -0.17, 0.71, -0.07, -0.01, 0.03, -1.0]	[0.14, -0.16, 0.5, -0.04, -0.01, 0.02, 1.0]	[0.01, -0.36, 1.01]	[-0.18, 0.42, 0.93]
148	[0.51, -0.58, 0.26, -0.04, 0.0, 0.03, -1.0]	[0.08, -0.07, 0.26, -0.04, -0.01, 0.02, 1.0]	[0.01, -0.37, 1.01]	[-0.18, 0.42, 0.93]
149	[0.63, -0.35, 0.29, -0.04, 0.02, 0.02, -1.0]	[0.15, -0.14, 0.53, -0.04, -0.01, 0.02, 1.0]	[0.01, -0.37, 1.02]	[-0.18, 0.42, 0.94]
150	[0.68, -0.59, 0.19, -0.02, 0.03, 0.02, -1.0]	[0.11, -0.14, 0.41, -0.04, -0.02, 0.02, 1.0]	[0.02, -0.38, 1.03]	[-0.18, 0.42, 0.94]
151	[0.75, -0.38, 0.12, -0.02, 0.03, 0.01, -1.0]	[0.09, -0.07, 0.28, -0.04, -0.02, 0.02, 1.0]	[0.03, -0.38, 1.03]	[-0.18, 0.42, 0.95]
152	[0.72, -0.44, 0.12, -0.02, 0.02, 0.0, -1.0]	[0.12, -0.14, 0.35, -0.04, -0.02, 0.02, 1.0]	[0.03, -0.39, 1.03]	[-0.17, 0.41, 0.95]
153	[0.66, -0.25, 0.16, -0.01, 0.02, 0.0, -1.0]	[0.14, -0.11, 0.38, -0.04, -0.02, 0.02, 1.0]	[0.04, -0.39, 1.03]	[-0.17, 0.41, 0.96]
154	[0.66, -0.52, 0.06, -0.01, 0.02, -0.0, -1.0]	[0.19, -0.14, 0.5, -0.04, -0.02, 0.02, 1.0]	[0.05, -0.4, 1.04]	[-0.17, 0.41, 0.96]
155	[0.69, -0.49, -0.08, -0.03, 0.02, -0.01, -1.0]	[0.1, -0.07, 0.27, -0.04, -0.02, 0.02, 1.0]	[0.06, -0.4, 1.04]	[-0.17, 0.41, 0.97]
156	[0.91, -0.47, -0.2, -0.0, 0.0, -0.01, -1.0]	[0.31, -0.14, 0.41, -0.05, -0.03, 0.03, 1.0]	[0.07, -0.41, 1.04]	[-0.17, 0.41, 0.97]
157	[1.0, -0.21, -0.39, -0.01, 0.0, -0.02, -1.0]	[0.36, -0.13, 0.37, -0.06, -0.03, 0.03, 1.0]	[0.08, -0.41, 1.04]	[-0.16, 0.41, 0.98]
158	[0.82, -0.13, -0.35, -0.01, -0.0, -0.04, -1.0]	[0.42, -0.14, 0.32, -0.06, -0.03, 0.04, 1.0]	[0.09, -0.42, 1.03]	[-0.16, 0.41, 0.98]
159	[0.86, -0.27, -0.26, -0.01, -0.0, -0.05, -1.0]	[0.49, -0.13, 0.26, -0.05, -0.03, 0.04, 1.0]	[0.1, -0.42, 1.03]	[-0.15, 0.4, 0.99]
160	[0.58, -0.01, -0.29, -0.01, -0.01, -0.06, -1.0]	[0.51, -0.15, 0.21, -0.05, -0.03, 0.05, 1.0]	[0.12, -0.42, 1.02]	[-0.15, 0.4, 0.99]
161	[0.71, -0.18, -0.28, -0.01, -0.01, -0.06, -1.0]	[0.53, -0.13, 0.21, -0.05, -0.03, 0.05, 1.0]	[0.13, -0.43, 1.02]	[-0.14, 0.4, 0.99]
162	[0.18, 0.03, -0.2, -0.01, -0.01, -0.07, -1.0]	[0.47, -0.13, 0.12, -0.05, -0.03, 0.06, 1.0]	[0.13, -0.43, 1.02]	[-0.14, 0.4, 1.0]
163	[0.4, -0.11, -0.39, -0.01, -0.01, -0.07, -1.0]	[0.46, -0.11, 0.16, -0.05, -0.03, 0.06, 1.0]	[0.14, -0.43, 1.01]	[-0.13, 0.4, 1.0]
164	[0.05, 0.06, -0.4, -0.02, -0.01, -0.07, -1.0]	[0.39, -0.14, 0.12, -0.04, -0.03, 0.06, 1.0]	[0.15, -0.43, 1.01]	[-0.12, 0.39, 1.0]
165	[0.18, 0.01, -0.38, -0.02, -0.01, -0.06, -1.0]	[0.37, -0.11, 0.16, -0.04, -0.03, 0.06, 1.0]	[0.15, -0.43, 1.0]	[-0.12, 0.39, 1.0]
166	[0.01, 0.21, -0.25, -0.01, -0.01, -0.06, -1.0]	[0.38, -0.15, 0.02, -0.04, -0.03, 0.06, 1.0]	[0.15, -0.43, 1.0]	[-0.11, 0.39, 1.0]
167	[0.25, 0.13, -0.25, -0.01, -0.01, -0.05, -1.0]	[0.33, -0.1, 0.13, -0.03, -0.03, 0.06, 1.0]	[0.15, -0.43, 0.99]	[-0.11, 0.39, 1.01]
168	[0.4, 0.26, -0.15, -0.01, -0.02, -0.05, -1.0]	[0.38, -0.15, 0.1, -0.03, -0.03, 0.06, 1.0]	[0.15, -0.43, 0.99]	[-0.1, 0.39, 1.01]
169	[0.44, 0.14, -0.05, -0.01, -0.01, -0.05, -1.0]	[0.36, -0.08, 0.17, -0.03, -0.03, 0.06, 1.0]	[0.16, -0.43, 0.99]	[-0.1, 0.39, 1.01]
170	[0.39, 0.39, 0.02, -0.01, -0.01, -0.04, -1.0]	[0.44, -0.13, 0.12, -0.03, -0.03, 0.06, 1.0]	[0.16, -0.43, 0.99]	[-0.09, 0.39, 1.01]
171	[0.43, 0.11, 0.03, -0.01, -0.02, -0.04, -1.0]	[0.41, -0.08, 0.2, -0.03, -0.03, 0.06, 1.0]	[0.17, -0.43, 0.99]	[-0.09, 0.38, 1.01]
172	[0.32, 0.16, -0.1, -0.02, -0.02, -0.04, -1.0]	[0.47, -0.09, 0.13, -0.03, -0.03, 0.07, 1.0]	[0.17, -0.43, 0.99]	[-0.08, 0.38, 1.01]
173	[0.25, 0.04, -0.1, -0.02, -0.02, -0.04, -1.0]	[0.47, -0.11, 0.1, -0.02, -0.03, 0.07, 1.0]	[0.17, -0.43, 0.99]	[-0.08, 0.38, 1.02]
174	[0.18, 0.08, -0.28, -0.03, -0.01, -0.04, -1.0]	[0.49, -0.07, 0.09, -0.02, -0.03, 0.08, 1.0]	[0.17, -0.43, 0.99]	[-0.07, 0.38, 1.02]
175	[0.07, 0.01, -0.25, -0.03, -0.02, -0.03, -1.0]	[0.49, -0.11, -0.03, -0.02, -0.02, 0.07, 1.0]	[0.18, -0.43, 0.99]	[-0.06, 0.38, 1.02]
176	[0.1, 0.12, -0.29, -0.03, -0.02, -0.03, -1.0]	[0.52, -0.07, -0.03, -0.02, -0.02, 0.08, 1.0]	[0.18, -0.43, 0.99]	[-0.06, 0.38, 1.02]
177	[0.12, 0.05, -0.36, -0.04, -0.01, -0.03, -1.0]	[0.53, -0.12, -0.14, -0.01, -0.02, 0.08, 1.0]	[0.18, -0.43, 0.99]	[-0.05, 0.38, 1.02]
178	[0.22, 0.21, -0.41, -0.04, -0.01, -0.03, -1.0]	[0.54, -0.07, -0.12, -0.01, -0.02, 0.08, 1.0]	[0.18, -0.43, 0.99]	[-0.04, 0.38, 1.02]
179	[0.25, 0.02, -0.3, -0.05, -0.02, -0.03, -1.0]	[0.52, -0.11, -0.18, -0.01, -0.02, 0.08, 1.0]	[0.18, -0.43, 0.99]	[-0.04, 0.37, 1.02]
180	[0.46, 0.05, -0.09, -0.05, -0.02, -0.03, -1.0]	[0.5, -0.12, -0.2, -0.0, -0.02, 0.08, 1.0]	[0.18, -0.43, 0.99]	[-0.03, 0.37, 1.01]
181	[0.36, -0.18, 0.08, -0.05, -0.02, -0.03, -1.0]	[0.46, -0.17, -0.25, 0.0, -0.01, 0.07, 1.0]	[0.18, -0.43, 0.99]	[-0.02, 0.37, 1.01]
182	[0.42, -0.07, 0.26, -0.05, -0.02, -0.03, -1.0]	[0.45, -0.12, -0.16, 0.01, -0.01, 0.07, 1.0]	[0.18, -0.43, 0.99]	[-0.02, 0.37, 1.01]
183	[0.21, -0.21, 0.45, -0.04, -0.02, -0.03, -1.0]	[0.47, -0.16, -0.19, 0.01, -0.01, 0.07, 1.0]	[0.19, -0.43, 1.0]	[-0.01, 0.37, 1.01]
184	[0.1, -0.07, 0.69, -0.02, -0.02, -0.02, -1.0]	[0.46, -0.12, -0.12, 0.01, -0.01, 0.06, 1.0]	[0.19, -0.43, 1.0]	[-0.0, 0.37, 1.0]
185	[0.04, -0.32, 0.66, -0.01, -0.01, -0.02, -1.0]	[0.47, -0.14, -0.12, 0.01, -0.01, 0.06, 1.0]	[0.19, -0.44, 1.01]	[0.0, 0.37, 1.0]
186	[0.17, -0.25, 0.54, 0.01, -0.01, -0.01, -1.0]	[0.47, -0.11, -0.08, 0.01, -0.01, 0.06, 1.0]	[0.19, -0.44, 1.02]	[0.01, 0.37, 1.0]
187	[0.12, -0.39, 0.51, 0.01, -0.01, -0.01, -1.0]	[0.5, -0.14, -0.14, 0.01, -0.01, 0.06, 1.0]	[0.19, -0.44, 1.02]	[0.01, 0.36, 1.0]
188	[0.19, -0.27, 0.39, 0.02, -0.01, -0.01, -1.0]	[0.54, -0.11, -0.1, 0.01, -0.01, 0.06, 1.0]	[0.2, -0.45, 1.03]	[0.02, 0.36, 1.0]
189	[0.24, -0.38, 0.3, 0.02, -0.01, -0.02, -1.0]	[0.53, -0.14, -0.09, 0.01, -0.01, 0.06, 1.0]	[0.2, -0.45, 1.04]	[0.03, 0.36, 0.99]
190	[0.26, -0.32, 0.12, 0.02, -0.01, -0.02, -1.0]	[0.53, -0.07, 0.0, 0.01, -0.02, 0.06, 1.0]	[0.2, -0.45, 1.04]	[0.03, 0.36, 0.99]
191	[0.29, -0.35, -0.06, 0.02, -0.02, -0.02, -1.0]	[0.5, -0.1, 0.1, 0.01, -0.02, 0.06, 1.0]	[0.2, -0.46, 1.04]	[0.04, 0.36, 0.99]
192	[0.34, -0.23, -0.26, 0.01, -0.01, -0.02, -1.0]	[0.54, -0.04, 0.12, 0.01, -0.02, 0.06, 1.0]	[0.21, -0.46, 1.05]	[0.05, 0.36, 0.99]
193	[0.38, -0.37, -0.21, 0.0, -0.02, -0.03, -1.0]	[0.53, -0.11, -0.04, 0.01, -0.01, 0.06, 1.0]	[0.21, -0.47, 1.04]	[0.05, 0.36, 0.99]
194	[0.29, -0.35, -0.22, -0.01, -0.01, -0.03, -1.0]	[0.48, -0.09, 0.0, 0.01, -0.01, 0.06, 1.0]	[0.21, -0.47, 1.04]	[0.06, 0.36, 0.99]
195	[0.19, -0.41, -0.23, -0.01, -0.0, -0.03, -1.0]	[0.46, -0.13, -0.22, 0.01, -0.01, 0.06, 1.0]	[0.22, -0.48, 1.04]	[0.07, 0.36, 0.99]
196	[0.11, -0.34, -0.41, -0.02, 0.01, -0.03, -1.0]	[0.43, -0.1, -0.07, 0.01, -0.01, 0.06, 1.0]	[0.22, -0.48, 1.04]	[0.07, 0.36, 0.99]
197	[-0.0, -0.3, -0.62, -0.03, 0.01, -0.03, -1.0]	[0.4, -0.14, -0.22, 0.01, -0.0, 0.06, 1.0]	[0.22, -0.49, 1.03]	[0.08, 0.36, 0.99]
198	[-0.2, 0.02, -0.8, -0.04, 0.02, -0.02, -1.0]	[0.39, -0.1, -0.12, 0.02, -0.0, 0.05, 1.0]	[0.22, -0.49, 1.03]	[0.08, 0.35, 0.99]
199	[-0.11, 0.04, -0.86, -0.05, 0.03, -0.02, -1.0]	[0.44, -0.1, -0.13, 0.02, 0.0, 0.05, 1.0]	[0.22, -0.49, 1.02]	[0.09, 0.35, 0.98]
200	[-0.21, 0.42, -0.89, -0.05, 0.04, -0.02, -1.0]	[0.43, -0.1, -0.1, 0.02, 0.0, 0.05, 1.0]	[0.22, -0.49, 1.01]	[0.09, 0.35, 0.98]
201	[-0.08, 0.29, -0.77, -0.06, 0.05, -0.02, -1.0]	[0.48, -0.07, -0.07, 0.01, 0.0, 0.05, 1.0]	[0.21, -0.49, 0.99]	[0.1, 0.35, 0.98]
202	[-0.08, 0.51, -0.65, -0.06, 0.05, -0.01, -1.0]	[0.5, -0.06, -0.05, 0.01, 0.01, 0.05, 1.0]	[0.21, -0.49, 0.98]	[0.11, 0.35, 0.98]
203	[0.18, 0.42, -0.49, -0.06, 0.06, -0.01, -1.0]	[0.5, -0.08, -0.13, 0.02, 0.01, 0.05, 1.0]	[0.2, -0.49, 0.97]	[0.11, 0.35, 0.98]
204	[0.15, 0.56, -0.35, -0.04, 0.06, -0.01, -1.0]	[0.53, -0.02, -0.08, 0.02, 0.01, 0.05, 1.0]	[0.2, -0.49, 0.96]	[0.12, 0.35, 0.98]
205	[0.17, 0.56, -0.21, -0.04, 0.06, -0.01, -1.0]	[0.47, -0.02, -0.14, 0.02, 0.01, 0.05, 1.0]	[0.2, -0.49, 0.96]	[0.12, 0.35, 0.97]
206	[0.16, 0.63, -0.07, -0.03, 0.06, -0.02, -1.0]	[0.48, -0.02, -0.11, 0.02, 0.01, 0.05, 1.0]	[0.2, -0.49, 0.96]	[0.13, 0.35, 0.97]
207	[0.04, 0.61, -0.1, -0.03, 0.06, -0.02, -1.0]	[0.4, -0.03, -0.16, 0.02, 0.01, 0.05, 1.0]	[0.2, -0.49, 0.96]	[0.14, 0.35, 0.97]
208	[-0.0, 0.6, -0.05, -0.03, 0.05, -0.02, -1.0]	[0.41, -0.05, -0.1, 0.02, 0.02, 0.05, 1.0]	[0.2, -0.49, 0.96]	[0.14, 0.35, 0.97]
209	[0.0, 0.56, -0.02, -0.03, 0.04, -0.02, -1.0]	[0.37, -0.06, -0.06, 0.02, 0.02, 0.05, 1.0]	[0.2, -0.49, 0.96]	[0.15, 0.35, 0.97]
210	[0.05, 0.58, -0.04, -0.03, 0.03, -0.02, -1.0]	[0.34, -0.06, -0.05, 0.02, 0.02, 0.05, 1.0]	[0.2, -0.49, 0.96]	[0.15, 0.35, 0.97]
211	[-0.04, 0.67, -0.03, -0.02, 0.02, -0.02, -1.0]	[0.35, -0.06, -0.03, 0.01, 0.02, 0.05, 1.0]	[0.2, -0.49, 0.96]	[0.16, 0.35, 0.97]
212	[0.08, 0.51, 0.02, -0.02, 0.01, -0.02, -1.0]	[0.34, -0.05, -0.06, 0.02, 0.02, 0.05, 1.0]	[0.2, -0.49, 0.96]	[0.16, 0.35, 0.96]
213	[0.09, 0.56, 0.05, -0.02, 0.01, -0.02, -1.0]	[0.4, -0.01, 0.0, 0.01, 0.02, 0.05, 1.0]	[0.2, -0.49, 0.96]	[0.17, 0.35, 0.96]
214	[0.0, 0.43, 0.08, -0.02, 0.0, -0.01, -1.0]	[0.44, 0.02, -0.06, 0.01, 0.02, 0.05, 1.0]	[0.2, -0.49, 0.96]	[0.17, 0.35, 0.96]
215	[-0.05, 0.4, 0.19, -0.02, -0.0, -0.01, -1.0]	[0.46, 0.04, 0.01, 0.01, 0.02, 0.05, 1.0]	[0.2, -0.49, 0.96]	[0.18, 0.35, 0.96]
216	[-0.06, 0.36, 0.15, -0.01, 0.0, -0.0, -1.0]	[0.44, 0.01, -0.0, 0.01, 0.02, 0.05, 1.0]	[0.2, -0.49, 0.97]	[0.18, 0.35, 0.96]
217	[-0.08, 0.36, 0.16, -0.01, 0.01, 0.0, -1.0]	[0.44, 0.04, 0.0, 0.01, 0.02, 0.05, 1.0]	[0.2, -0.49, 0.97]	[0.19, 0.35, 0.96]
218	[-0.05, 0.28, 0.17, -0.0, 0.01, 0.0, -1.0]	[0.45, 0.01, -0.05, 0.01, 0.02, 0.05, 1.0]	[0.2, -0.48, 0.97]	[0.19, 0.35, 0.96]
219	[0.01, 0.27, 0.06, -0.0, 0.02, 0.0, -1.0]	[0.35, 0.04, -0.01, 0.01, 0.02, 0.05, 1.0]	[0.2, -0.48, 0.97]	[0.2, 0.35, 0.96]
220	[0.18, 0.27, 0.34, 0.01, 0.02, 0.01, -1.0]	[0.31, -0.01, -0.07, 0.01, 0.02, 0.05, 1.0]	[0.2, -0.48, 0.97]	[0.2, 0.35, 0.96]
221	[0.17, 0.2, 0.3, 0.02, 0.02, 0.01, -1.0]	[0.26, 0.01, -0.02, 0.01, 0.01, 0.05, 1.0]	[0.2, -0.48, 0.97]	[0.21, 0.35, 0.96]
222	[0.08, 0.24, 0.46, 0.02, 0.02, 0.01, -1.0]	[0.2, 0.0, 0.0, 0.0, 0.01, 0.05, 1.0]	[0.2, -0.48, 0.98]	[0.21, 0.35, 0.96]
223	[0.03, 0.19, 0.39, 0.02, 0.02, 0.02, -1.0]	[0.21, 0.02, -0.05, 0.0, 0.01, 0.05, 1.0]	[0.2, -0.47, 0.98]	[0.22, 0.35, 0.96]
224	[0.08, 0.36, 0.19, 0.01, 0.01, 0.01, -1.0]	[0.15, 0.02, 0.01, 0.0, 0.01, 0.04, 1.0]	[0.2, -0.47, 0.99]	[0.22, 0.35, 0.96]
225	[0.06, 0.27, -0.14, 0.0, 0.01, 0.01, -1.0]	[0.1, 0.02, 0.01, -0.0, 0.01, 0.04, -1.0]	[0.2, -0.47, 0.99]	[0.22, 0.35, 0.96]
226	[0.09, 0.33, -0.33, -0.0, 0.0, 0.01, -1.0]	[0.08, 0.04, 0.06, -0.01, 0.0, 0.04, -1.0]	[0.2, -0.47, 0.99]	[0.22, 0.35, 0.96]
227	[0.13, 0.28, -0.53, -0.01, 0.0, 0.01, -1.0]	[0.04, 0.01, -0.01, -0.01, -0.0, 0.03, -1.0]	[0.2, -0.46, 0.99]	[0.23, 0.35, 0.96]
228	[0.14, 0.43, -0.51, -0.01, 0.01, 0.0, -1.0]	[-0.06, -0.02, -0.03, -0.01, 0.0, 0.03, -1.0]	[0.2, -0.46, 0.98]	[0.23, 0.35, 0.96]
229	[0.14, 0.37, -0.61, -0.01, 0.01, 0.0, -1.0]	[-0.07, -0.03, 0.01, -0.01, 0.0, 0.03, -1.0]	[0.21, -0.45, 0.98]	[0.23, 0.35, 0.96]
230	[0.1, 0.52, -0.58, -0.01, 0.02, 0.01, -1.0]	[-0.08, -0.04, -0.04, -0.01, 0.0, 0.02, -1.0]	[0.21, -0.44, 0.97]	[0.23, 0.35, 0.96]
231	[0.1, 0.43, -0.71, -0.01, 0.02, 0.01, -1.0]	[-0.07, -0.04, -0.02, -0.01, 0.0, 0.02, -1.0]	[0.21, -0.44, 0.96]	[0.23, 0.35, 0.96]
232	[0.04, 0.23, -0.63, -0.01, 0.04, -0.01, 1.0]	[-0.07, -0.04, 0.02, -0.0, 0.0, 0.01, -1.0]	[0.21, -0.44, 0.96]	[0.23, 0.35, 0.96]
233	[-0.02, 0.13, -0.59, -0.03, 0.03, -0.01, 1.0]	[-0.11, -0.0, -0.01, -0.0, 0.0, 0.01, -1.0]	[0.21, -0.44, 0.96]	[0.23, 0.35, 0.96]
234	[-0.1, -0.01, -0.25, -0.04, 0.02, -0.01, 1.0]	[-0.13, 0.0, 0.01, -0.01, -0.0, 0.01, -1.0]	[0.21, -0.44, 0.96]	[0.22, 0.35, 0.96]
235	[-0.16, -0.04, -0.1, -0.03, 0.02, -0.01, 1.0]	[-0.07, 0.03, 0.04, -0.01, -0.0, 0.01, -1.0]	[0.21, -0.44, 0.96]	[0.22, 0.35, 0.96]
236	[-0.14, -0.15, 0.05, -0.04, 0.02, -0.0, 1.0]	[-0.04, 0.04, 0.05, -0.01, -0.0, 0.0, -1.0]	[0.21, -0.44, 0.96]	[0.22, 0.35, 0.96]
237	[-0.12, -0.14, 0.24, -0.04, 0.02, 0.0, 1.0]	[-0.01, 0.03, 0.05, -0.01, -0.0, 0.01, -1.0]	[0.21, -0.44, 0.97]	[0.22, 0.35, 0.96]
238	[-0.15, -0.15, 0.18, -0.04, 0.02, 0.0, 1.0]	[-0.08, 0.01, 0.04, -0.01, -0.0, 0.0, -1.0]	[0.21, -0.44, 0.97]	[0.22, 0.35, 0.96]
239	[-0.14, -0.15, 0.13, -0.04, 0.02, 0.0, 1.0]	[-0.02, 0.02, 0.06, -0.01, -0.0, 0.0, -1.0]	[0.21, -0.44, 0.97]	[0.22, 0.35, 0.96]
240	[-0.21, -0.12, 0.15, -0.03, 0.02, 0.0, 1.0]	[-0.08, 0.01, 0.08, -0.01, -0.0, 0.0, -1.0]	[0.21, -0.44, 0.97]	[0.22, 0.35, 0.96]
241	[-0.38, -0.14, 0.04, -0.03, 0.01, 0.01, 1.0]	[-0.0, 0.02, 0.06, -0.01, -0.01, 0.0, -1.0]	[0.2, -0.44, 0.98]	[0.22, 0.35, 0.96]
242	[-0.41, -0.08, 0.05, -0.02, 0.01, 0.01, 1.0]	[-0.1, 0.01, 0.09, -0.01, -0.01, 0.0, -1.0]	[0.2, -0.44, 0.98]	[0.22, 0.35, 0.96]
243	[-0.46, 0.01, -0.06, -0.02, 0.02, 0.03, 1.0]	[-0.02, 0.03, 0.08, -0.01, -0.01, 0.0, -1.0]	[0.2, -0.45, 0.98]	[0.22, 0.35, 0.96]
244	[-0.46, 0.02, -0.13, -0.02, 0.02, 0.03, 1.0]	[-0.06, 0.05, 0.05, -0.01, -0.01, 0.0, -1.0]	[0.19, -0.45, 0.98]	[0.22, 0.35, 0.97]
245	[-0.38, 0.05, -0.22, -0.02, 0.02, 0.02, 1.0]	[-0.1, 0.08, 0.17, -0.01, -0.01, 0.0, -1.0]	[0.19, -0.45, 0.98]	[0.22, 0.35, 0.97]
246	[-0.33, 0.02, -0.34, -0.02, 0.03, 0.02, 1.0]	[-0.12, 0.07, 0.17, -0.02, -0.01, 0.0, -1.0]	[0.18, -0.44, 0.98]	[0.22, 0.35, 0.97]
247	[-0.29, 0.01, -0.34, -0.02, 0.03, 0.02, 1.0]	[-0.1, 0.03, 0.1, -0.02, -0.01, -0.0, -1.0]	[0.18, -0.44, 0.97]	[0.22, 0.35, 0.97]
248	[-0.19, 0.02, -0.37, -0.03, 0.04, 0.01, 1.0]	[-0.15, 0.03, 0.11, -0.02, -0.01, -0.0, -1.0]	[0.17, -0.44, 0.97]	[0.22, 0.36, 0.97]
249	[-0.38, -0.03, -0.39, -0.03, 0.04, 0.01, 1.0]	[-0.14, 0.0, 0.01, -0.01, -0.01, -0.0, -1.0]	[0.17, -0.44, 0.97]	[0.21, 0.36, 0.97]
250	[-0.53, -0.06, -0.3, -0.03, 0.04, 0.02, 1.0]	[-0.13, 0.03, 0.14, -0.01, -0.01, -0.0, -1.0]	[0.17, -0.44, 0.97]	[0.21, 0.36, 0.97]
251	[-0.82, -0.03, -0.18, -0.04, 0.04, 0.03, 1.0]	[-0.14, 0.08, 0.1, -0.01, -0.01, -0.01, -1.0]	[0.17, -0.44, 0.97]	[0.21, 0.36, 0.98]
252	[-0.97, -0.03, 0.08, -0.03, 0.02, 0.04, 1.0]	[-0.13, 0.06, 0.23, -0.01, -0.01, -0.01, -1.0]	[0.17, -0.44, 0.97]	[0.21, 0.36, 0.98]
253	[-1.0, 0.03, 0.45, -0.02, 0.02, 0.05, 1.0]	[-0.14, 0.07, 0.17, -0.02, -0.02, -0.01, -1.0]	[0.16, -0.44, 0.97]	[0.21, 0.36, 0.98]
254	[-1.0, -0.04, 0.74, -0.01, 0.02, 0.07, 1.0]	[-0.15, 0.07, 0.29, -0.02, -0.02, -0.0, -1.0]	[0.15, -0.44, 0.97]	[0.21, 0.36, 0.98]
255	[-1.0, 0.13, 0.83, 0.01, 0.01, 0.08, 1.0]	[-0.19, 0.07, 0.3, -0.02, -0.02, -0.01, -1.0]	[0.14, -0.44, 0.98]	[0.2, 0.36, 0.98]
256	[-1.0, 0.16, 0.84, 0.03, 0.01, 0.09, 1.0]	[-0.19, 0.07, 0.33, -0.02, -0.02, -0.01, -1.0]	[0.13, -0.44, 0.99]	[0.2, 0.36, 0.99]
257	[-1.0, 0.27, 0.67, 0.05, 0.01, 0.12, 1.0]	[-0.18, 0.08, 0.26, -0.02, -0.02, -0.01, -1.0]	[0.12, -0.44, 1.0]	[0.2, 0.36, 0.99]
258	[-1.0, 0.26, 0.6, 0.05, 0.0, 0.12, 1.0]	[-0.17, 0.1, 0.29, -0.02, -0.02, -0.01, -1.0]	[0.11, -0.44, 1.01]	[0.2, 0.36, 1.0]
259	[-1.0, 0.23, 0.36, 0.04, 0.01, 0.12, 1.0]	[-0.14, 0.08, 0.19, -0.03, -0.03, -0.01, -1.0]	[0.09, -0.44, 1.01]	[0.2, 0.36, 1.0]
260	[-1.0, 0.23, 0.48, 0.05, 0.0, 0.12, 1.0]	[-0.14, 0.08, 0.09, -0.03, -0.02, -0.01, -1.0]	[0.08, -0.44, 1.02]	[0.19, 0.37, 1.0]
261	[-1.0, 0.21, 0.35, 0.04, 0.0, 0.11, 1.0]	[-0.11, 0.03, 0.06, -0.03, -0.02, -0.01, -1.0]	[0.07, -0.43, 1.03]	[0.19, 0.37, 1.01]
262	[-1.0, 0.18, 0.35, 0.04, 0.0, 0.11, 1.0]	[-0.14, 0.04, -0.05, -0.02, -0.02, -0.01, -1.0]	[0.05, -0.43, 1.03]	[0.19, 0.37, 1.01]
263	[-1.0, 0.2, 0.22, 0.04, 0.0, 0.11, 1.0]	[-0.11, -0.01, 0.02, -0.02, -0.02, -0.01, -1.0]	[0.04, -0.43, 1.04]	[0.19, 0.37, 1.01]
264	[-1.0, 0.15, 0.11, 0.04, -0.0, 0.11, 1.0]	[-0.15, 0.01, -0.01, -0.02, -0.01, -0.01, -1.0]	[0.03, -0.43, 1.04]	[0.19, 0.37, 1.01]
265	[-1.0, 0.16, 0.01, 0.04, 0.0, 0.11, 1.0]	[-0.12, 0.0, -0.01, -0.02, -0.01, -0.01, -1.0]	[0.01, -0.42, 1.04]	[0.19, 0.37, 1.01]
266	[-1.0, 0.15, -0.01, 0.03, 0.0, 0.11, 1.0]	[-0.1, -0.01, -0.02, -0.01, -0.01, -0.01, -1.0]	[-0.0, -0.42, 1.04]	[0.18, 0.37, 1.01]
267	[-1.0, 0.23, -0.18, 0.03, 0.01, 0.11, 1.0]	[-0.11, -0.02, -0.02, -0.01, -0.01, -0.01, -1.0]	[-0.01, -0.42, 1.04]	[0.18, 0.37, 1.01]
268	[-1.0, 0.15, -0.26, 0.02, 0.01, 0.1, 1.0]	[-0.12, 0.01, -0.03, -0.01, -0.01, -0.02, -1.0]	[-0.03, -0.42, 1.04]	[0.18, 0.37, 1.01]
269	[-1.0, 0.15, -0.32, 0.01, 0.02, 0.1, 1.0]	[-0.1, -0.0, -0.01, -0.0, -0.0, -0.02, -1.0]	[-0.04, -0.42, 1.04]	[0.18, 0.37, 1.01]
270	[-1.0, -0.06, -0.38, 0.0, 0.03, 0.1, 1.0]	[-0.12, 0.01, 0.14, -0.0, -0.0, -0.02, -1.0]	[-0.05, -0.42, 1.04]	[0.18, 0.37, 1.01]
271	[-1.0, -0.09, -0.46, -0.01, 0.03, 0.11, 1.0]	[-0.14, -0.0, 0.06, -0.0, -0.0, -0.02, -1.0]	[-0.07, -0.42, 1.03]	[0.18, 0.37, 1.01]
272	[-1.0, -0.16, -0.46, -0.01, 0.04, 0.12, 1.0]	[-0.15, -0.0, -0.01, -0.0, -0.0, -0.02, -1.0]	[-0.08, -0.42, 1.03]	[0.17, 0.37, 1.01]
273	[-1.0, -0.13, -0.47, -0.03, 0.05, 0.14, 1.0]	[-0.18, -0.0, 0.07, 0.0, -0.0, -0.02, -1.0]	[-0.09, -0.42, 1.02]	[0.17, 0.37, 1.01]
274	[-0.94, 0.05, -0.42, -0.03, 0.06, 0.13, 1.0]	[-0.2, -0.02, -0.08, 0.0, -0.0, -0.02, -1.0]	[-0.11, -0.42, 1.01]	[0.17, 0.37, 1.01]
275	[-0.64, 0.03, -0.4, -0.03, 0.05, 0.12, -1.0]	[-0.24, 0.03, 0.04, 0.01, 0.01, -0.03, -1.0]	[-0.12, -0.42, 1.01]	[0.17, 0.37, 1.01]
276	[-0.44, 0.17, -0.29, -0.02, 0.06, 0.11, -1.0]	[-0.24, 0.06, 0.07, 0.01, 0.01, -0.03, -1.0]	[-0.13, -0.42, 1.0]	[0.16, 0.37, 1.01]
277	[-0.18, 0.16, -0.42, -0.02, 0.04, 0.09, -1.0]	[-0.23, 0.06, 0.0, 0.01, 0.01, -0.03, -1.0]	[-0.14, -0.42, 1.0]	[0.16, 0.37, 1.01]
278	[0.05, 0.21, -0.18, -0.01, 0.05, 0.08, -1.0]	[-0.24, 0.09, 0.05, 0.01, 0.01, -0.03, -1.0]	[-0.15, -0.42, 0.99]	[0.16, 0.37, 1.01]
279	[0.1, 0.08, -0.32, -0.03, 0.03, 0.07, -1.0]	[-0.27, 0.08, 0.08, 0.01, 0.0, -0.03, -1.0]	[-0.15, -0.42, 0.99]	[0.16, 0.37, 1.01]
280	[0.09, 0.18, -0.32, -0.03, 0.02, 0.06, -1.0]	[-0.28, 0.06, 0.07, 0.01, -0.0, -0.03, -1.0]	[-0.15, -0.42, 0.98]	[0.15, 0.37, 1.01]
281	[0.22, 0.06, 0.08, -0.02, 0.01, 0.05, -1.0]	[-0.28, 0.06, 0.06, 0.02, -0.0, -0.03, -1.0]	[-0.15, -0.42, 0.98]	[0.15, 0.37, 1.01]
282	[0.37, 0.04, 0.29, -0.02, 0.01, 0.04, -1.0]	[-0.31, 0.05, 0.06, 0.02, -0.01, -0.03, -1.0]	[-0.14, -0.42, 0.98]	[0.15, 0.37, 1.01]
283	[0.35, 0.01, 0.38, -0.01, 0.0, 0.04, -1.0]	[-0.3, 0.04, 0.06, 0.02, -0.01, -0.03, -1.0]	[-0.14, -0.42, 0.98]	[0.14, 0.37, 1.01]
284	[0.61, -0.05, 0.43, -0.01, 0.0, 0.02, -1.0]	[-0.34, 0.03, 0.1, 0.02, -0.01, -0.04, -1.0]	[-0.14, -0.42, 0.98]	[0.14, 0.38, 1.01]
285	[0.57, -0.07, 0.55, 0.0, 0.0, 0.01, -1.0]	[-0.31, 0.04, 0.05, 0.01, -0.02, -0.04, -1.0]	[-0.13, -0.42, 0.99]	[0.14, 0.38, 1.01]
286	[0.68, -0.18, 0.59, 0.01, 0.01, 0.01, -1.0]	[-0.37, 0.04, 0.06, 0.01, -0.02, -0.04, -1.0]	[-0.12, -0.42, 0.99]	[0.13, 0.38, 1.01]
287	[0.76, -0.33, 0.72, 0.02, 0.01, -0.0, -1.0]	[-0.36, 0.03, -0.06, 0.01, -0.02, -0.04, -1.0]	[-0.12, -0.42, 1.0]	[0.13, 0.38, 1.02]
288	[0.98, -0.44, 0.7, 0.03, 0.0, -0.01, -1.0]	[-0.37, -0.01, -0.02, 0.01, -0.02, -0.04, -1.0]	[-0.11, -0.42, 1.01]	[0.12, 0.38, 1.02]
289	[1.0, -0.62, 0.68, 0.03, -0.0, -0.02, -1.0]	[-0.29, 0.01, -0.07, 0.01, -0.02, -0.04, -1.0]	[-0.1, -0.43, 1.02]	[0.12, 0.38, 1.02]
290	[1.0, -0.65, 0.54, 0.04, -0.01, -0.03, -1.0]	[-0.33, 0.01, -0.03, 0.01, -0.01, -0.04, -1.0]	[-0.08, -0.44, 1.03]	[0.11, 0.38, 1.01]
291	[1.0, -0.76, 0.41, 0.04, -0.02, -0.05, -1.0]	[-0.27, 0.0, -0.06, 0.01, -0.01, -0.04, -1.0]	[-0.07, -0.44, 1.04]	[0.11, 0.38, 1.01]
292	[1.0, -0.76, 0.21, 0.04, -0.03, -0.07, -1.0]	[-0.25, -0.03, -0.08, 0.01, -0.01, -0.05, -1.0]	[-0.06, -0.45, 1.04]	[0.11, 0.38, 1.01]
293	[1.0, -0.81, 0.05, 0.03, -0.04, -0.09, -1.0]	[-0.2, 0.01, -0.04, 0.01, -0.0, -0.04, -1.0]	[-0.05, -0.46, 1.05]	[0.1, 0.38, 1.01]
294	[1.0, -0.75, -0.09, 0.03, -0.05, -0.1, -1.0]	[-0.16, -0.03, 0.02, 0.01, 0.0, -0.04, -1.0]	[-0.03, -0.47, 1.05]	[0.1, 0.38, 1.01]
295	[1.0, -0.78, -0.14, 0.02, -0.06, -0.11, -1.0]	[-0.19, 0.02, 0.17, 0.01, 0.01, -0.05, -1.0]	[-0.02, -0.48, 1.05]	[0.1, 0.38, 1.01]
296	[1.0, -0.74, -0.08, 0.01, -0.06, -0.13, -1.0]	[-0.1, 0.01, 0.12, 0.01, 0.01, -0.05, -1.0]	[-0.01, -0.5, 1.04]	[0.09, 0.38, 1.01]
297	[1.0, -0.71, -0.19, 0.01, -0.05, -0.14, -1.0]	[-0.06, 0.06, -0.0, -0.0, 0.02, -0.05, -1.0]	[0.0, -0.51, 1.04]	[0.09, 0.38, 1.01]
298	[1.0, -0.61, -0.09, -0.0, -0.05, -0.15, -1.0]	[-0.02, 0.02, -0.08, 0.0, 0.03, -0.05, -1.0]	[0.02, -0.52, 1.04]	[0.09, 0.38, 1.01]
299	[1.0, -0.59, -0.11, -0.01, -0.05, -0.16, -1.0]	[0.09, 0.03, -0.14, 0.01, 0.04, -0.04, -1.0]	[0.03, -0.52, 1.04]	[0.09, 0.38, 1.01]
300	[1.0, -0.5, -0.11, -0.01, -0.04, -0.16, -1.0]	[0.11, 0.07, -0.09, 0.02, 0.05, -0.04, -1.0]	[0.04, -0.52, 1.04]	[0.09, 0.38, 1.01]
301	[1.0, -0.44, -0.09, 0.0, -0.04, -0.16, -1.0]	[0.08, 0.15, -0.09, 0.02, 0.06, -0.03, -1.0]	[0.06, -0.52, 1.04]	[0.09, 0.38, 1.01]
302	[1.0, -0.27, -0.12, 0.01, -0.04, -0.16, -1.0]	[0.14, 0.13, -0.04, 0.02, 0.06, -0.02, -1.0]	[0.07, -0.53, 1.04]	[0.09, 0.38, 1.01]
303	[1.0, -0.26, -0.21, 0.01, -0.04, -0.17, -1.0]	[0.06, 0.11, -0.05, 0.02, 0.06, -0.01, -1.0]	[0.08, -0.53, 1.04]	[0.09, 0.39, 1.01]
304	[1.0, -0.11, -0.22, 0.01, -0.03, -0.17, -1.0]	[0.06, 0.09, 0.03, 0.01, 0.05, -0.01, -1.0]	[0.1, -0.54, 1.04]	[0.09, 0.39, 1.01]
305	[1.0, 0.0, -0.26, 0.01, -0.03, -0.17, -1.0]	[0.03, 0.05, -0.01, 0.02, 0.05, -0.01, -1.0]	[0.11, -0.54, 1.04]	[0.09, 0.39, 1.01]
306	[1.0, 0.28, -0.25, 0.01, -0.03, -0.17, -1.0]	[-0.0, 0.03, 0.07, 0.01, 0.05, -0.01, -1.0]	[0.12, -0.54, 1.04]	[0.09, 0.39, 1.01]
307	[1.0, 0.36, -0.31, -0.0, -0.02, -0.17, -1.0]	[-0.01, -0.0, -0.01, 0.01, 0.04, -0.01, -1.0]	[0.14, -0.54, 1.03]	[0.09, 0.39, 1.01]
308	[0.81, 0.45, -0.25, -0.01, -0.01, -0.16, -1.0]	[0.01, 0.01, 0.02, 0.01, 0.04, -0.0, -1.0]	[0.15, -0.54, 1.03]	[0.09, 0.39, 1.01]
309	[0.7, 0.37, -0.5, -0.02, 0.0, -0.15, -1.0]	[0.02, 0.05, 0.05, 0.01, 0.03, -0.0, -1.0]	[0.16, -0.54, 1.02]	[0.09, 0.39, 1.01]
310	[0.46, 0.34, -0.55, -0.03, 0.01, -0.14, -1.0]	[0.02, 0.04, 0.0, 0.01, 0.03, 0.0, -1.0]	[0.17, -0.53, 1.02]	[0.09, 0.39, 1.01]
311	[0.35, 0.2, -0.72, -0.03, 0.03, -0.13, -1.0]	[0.01, 0.03, 0.02, 0.01, 0.02, 0.0, -1.0]	[0.17, -0.53, 1.01]	[0.09, 0.39, 1.01]
312	[0.23, 0.28, -0.77, -0.03, 0.03, -0.12, -1.0]	[0.02, 0.01, 0.02, 0.01, 0.02, 0.0, -1.0]	[0.18, -0.53, 1.0]	[0.09, 0.39, 1.01]
313	[0.36, 0.18, -0.8, -0.03, 0.03, -0.11, -1.0]	[0.0, 0.02, -0.05, 0.01, 0.02, 0.0, -1.0]	[0.18, -0.52, 1.0]	[0.09, 0.39, 1.01]
314	[0.36, 0.27, -0.66, -0.02, 0.03, -0.1, -1.0]	[-0.01, -0.01, 0.03, 0.01, 0.01, 0.0, -1.0]	[0.18, -0.52, 0.99]	[0.09, 0.39, 1.01]
315	[0.49, 0.26, -0.56, -0.01, 0.03, -0.09, -1.0]	[0.03, 0.01, -0.02, 0.01, 0.01, 0.0, -1.0]	[0.19, -0.51, 0.98]	[0.09, 0.39, 1.01]
316	[0.54, 0.31, -0.42, -0.01, 0.03, -0.09, -1.0]	[0.03, 0.02, 0.01, 0.01, 0.01, 0.0, -1.0]	[0.19, -0.51, 0.97]	[0.09, 0.4, 1.01]
317	[0.53, 0.32, -0.42, -0.0, 0.03, -0.08, -1.0]	[0.02, 0.03, 0.02, 0.01, 0.01, 0.01, -1.0]	[0.2, -0.5, 0.97]	[0.09, 0.4, 1.01]
318	[0.5, 0.34, -0.41, -0.01, 0.04, -0.08, -1.0]	[0.02, 0.02, 0.05, 0.0, 0.01, 0.01, -1.0]	[0.2, -0.5, 0.96]	[0.09, 0.4, 1.01]
319	[0.4, 0.31, -0.46, -0.01, 0.04, -0.08, -1.0]	[0.0, -0.03, -0.06, 0.01, 0.01, 0.01, -1.0]	[0.21, -0.5, 0.95]	[0.09, 0.4, 1.01]
320	[0.18, 0.37, -0.57, -0.01, 0.04, -0.07, -1.0]	[0.03, -0.01, -0.01, 0.01, 0.0, 0.01, -1.0]	[0.21, -0.5, 0.94]	[0.09, 0.4, 1.01]
321	[0.09, 0.31, -0.62, -0.01, 0.04, -0.06, -1.0]	[-0.0, -0.01, -0.04, 0.01, 0.0, 0.01, -1.0]	[0.22, -0.49, 0.94]	[0.09, 0.4, 1.01]
322	[-0.02, 0.26, -0.73, -0.01, 0.05, -0.06, -1.0]	[0.02, -0.01, -0.02, 0.01, 0.0, 0.01, -1.0]	[0.22, -0.49, 0.93]	[0.1, 0.4, 1.01]
323	[-0.03, 0.27, -0.78, -0.02, 0.04, -0.05, -1.0]	[0.0, -0.02, 0.03, 0.01, -0.0, 0.0, -1.0]	[0.22, -0.49, 0.92]	[0.1, 0.4, 1.01]
324	[-0.01, 0.26, -0.78, -0.02, 0.04, -0.05, -1.0]	[0.0, 0.0, 0.0, 0.0, 0.0, 0.0, -1.0]	[0.22, -0.49, 0.91]	[0.1, 0.4, 1.01]
325	[-0.03, 0.27, -0.68, -0.02, 0.04, -0.04, -1.0]	[-0.01, 0.0, -0.01, 0.0, 0.0, 0.0, -1.0]	[0.22, -0.48, 0.9]	[0.1, 0.4, 1.01]
326	[-0.04, 0.28, -0.65, -0.02, 0.04, -0.04, -1.0]	[-0.01, -0.0, 0.0, 0.0, 0.0, 0.0, -1.0]	[0.22, -0.48, 0.89]	[0.1, 0.4, 1.01]
327	[0.02, 0.29, -0.49, -0.01, 0.03, -0.03, -1.0]	[-0.0, -0.0, 0.0, -0.0, 0.0, -0.0, -1.0]	[0.22, -0.48, 0.88]	[0.1, 0.4, 1.01]
328	[-0.0, 0.23, -0.38, -0.0, 0.03, -0.03, -1.0]	[0.0, 0.0, 0.0, -0.0, 0.0, -0.0, -1.0]	[0.21, -0.48, 0.87]	[0.1, 0.4, 1.01]
329	[0.01, 0.29, -0.28, 0.0, 0.03, -0.03, -1.0]	[0.01, 0.0, -0.0, -0.0, 0.0, -0.0, -1.0]	[0.21, -0.48, 0.86]	[0.1, 0.4, 1.01]
330	[-0.06, 0.18, -0.38, -0.0, 0.03, -0.03, -1.0]	[0.0, 0.0, -0.0, -0.0, 0.0, -0.0, -1.0]	[0.21, -0.48, 0.85]	[0.1, 0.4, 1.01]
331	[-0.27, 0.11, -0.4, -0.01, 0.04, -0.03, -1.0]	[0.0, 0.0, -0.0, -0.0, 0.0, -0.0, -1.0]	[0.21, -0.48, 0.85]	[0.1, 0.4, 1.01]
332	[-0.61, -0.03, -0.29, -0.02, 0.04, -0.01, -1.0]	[0.0, 0.0, -0.0, -0.0, 0.0, -0.0, -1.0]	[0.21, -0.48, 0.84]	[0.1, 0.4, 1.01]
333	[-0.6, -0.11, -0.25, -0.03, 0.03, 0.01, -1.0]	[0.0, 0.0, -0.0, -0.0, 0.0, -0.0, -1.0]	[0.2, -0.48, 0.84]	[0.1, 0.4, 1.01]
334	[-0.56, -0.11, -0.21, -0.04, 0.03, 0.02, -1.0]	[0.0, 0.0, -0.0, -0.0, 0.0, -0.0, -1.0]	[0.19, -0.48, 0.83]	[0.1, 0.4, 1.01]
335	[-0.54, -0.17, -0.13, -0.04, 0.04, 0.02, -1.0]	[0.0, 0.0, -0.0, 0.0, 0.0, 0.0, -1.0]	[0.18, -0.48, 0.83]	[0.1, 0.4, 1.01]
336	[-0.56, -0.2, -0.04, -0.05, 0.04, 0.03, -1.0]	[0.0, 0.0, -0.0, -0.0, 0.0, -0.0, -1.0]	[0.18, -0.49, 0.83]	[0.1, 0.4, 1.01]
337	[-0.65, -0.26, 0.04, -0.05, 0.04, 0.04, -1.0]	[0.0, 0.0, -0.0, -0.0, 0.0, -0.0, -1.0]	[0.17, -0.49, 0.82]	[0.1, 0.4, 1.01]
338	[-0.53, -0.24, 0.09, -0.05, 0.04, 0.05, -1.0]	[0.0, 0.0, -0.0, -0.0, 0.0, -0.0, -1.0]	[0.16, -0.49, 0.82]	[0.1, 0.4, 1.01]
339	[-0.42, -0.18, 0.13, -0.05, 0.04, 0.05, -1.0]	[0.0, 0.0, -0.0, -0.0, 0.0, -0.0, -1.0]	[0.15, -0.5, 0.83]	[0.1, 0.4, 1.01]
340	[-0.31, -0.08, 0.06, -0.05, 0.06, 0.06, -1.0]	[0.0, 0.0, -0.0, -0.0, 0.0, -0.0, -1.0]	[0.16, -0.5, 0.83]	[0.1, 0.4, 1.01]
341	[-0.2, -0.02, 0.06, -0.05, 0.06, 0.07, -1.0]	[0.0, 0.0, -0.0, -0.0, 0.0, -0.0, -1.0]	[0.16, -0.5, 0.83]	[0.1, 0.4, 1.01]
342	[-0.09, -0.04, -0.06, -0.06, 0.06, 0.07, -1.0]	[0.0, 0.0, -0.0, -0.0, 0.0, -0.0, -1.0]	[0.16, -0.5, 0.83]	[0.1, 0.4, 1.01]
343	[0.02, 0.09, -0.24, -0.07, 0.05, 0.07, -1.0]	[0.0, 0.0, -0.0, -0.0, 0.0, -0.0, -1.0]	[0.16, -0.5, 0.83]	[0.1, 0.4, 1.01]
344	[0.1, 0.13, -0.33, -0.07, 0.04, 0.06, -1.0]	[0.0, 0.0, -0.0, -0.0, 0.0, -0.0, -1.0]	[0.16, -0.5, 0.82]	[0.1, 0.4, 1.01]
345	[0.23, 0.16, -0.55, -0.08, 0.04, 0.05, -1.0]	[0.0, 0.0, -0.0, -0.0, 0.0, -0.0, -1.0]	[0.16, -0.5, 0.82]	[0.1, 0.4, 1.01]
346	[0.23, 0.14, -0.61, -0.09, 0.05, 0.04, -1.0]	[0.0, 0.0, -0.0, -0.0, 0.0, -0.0, -1.0]	[0.16, -0.5, 0.82]	[0.1, 0.4, 1.01]
347	[0.16, 0.15, -0.6, -0.09, 0.06, 0.03, -1.0]	[0.0, 0.0, -0.0, -0.0, 0.0, -0.0, -1.0]	[0.17, -0.5, 0.82]	[0.1, 0.4, 1.01]
348	[0.14, 0.01, -0.62, -0.09, 0.07, 0.02, -1.0]	[0.0, 0.0, -0.0, -0.0, 0.0, -0.0, -1.0]	[0.17, -0.51, 0.82]	[0.1, 0.4, 1.01]
349	[-0.04, -0.05, -0.56, -0.1, 0.09, 0.02, -1.0]	[0.0, 0.0, -0.0, -0.0, 0.0, -0.0, -1.0]	[0.17, -0.51, 0.82]	[0.1, 0.4, 1.01]
350	[-0.16, -0.17, -0.45, -0.11, 0.1, 0.03, -1.0]	[0.0, 0.0, -0.0, -0.0, 0.0, -0.0, -1.0]	[0.17, -0.51, 0.82]	[0.1, 0.4, 1.01]
351	[-0.17, -0.2, -0.36, -0.13, 0.09, 0.05, -1.0]	[0.0, 0.0, -0.0, -0.0, 0.0, -0.0, -1.0]	[0.17, -0.5, 0.82]	[0.1, 0.4, 1.01]
352	[0.01, -0.28, -0.05, -0.14, 0.08, 0.07, -1.0]	[0.0, 0.0, -0.0, -0.0, 0.0, -0.0, -1.0]	[0.17, -0.5, 0.82]	[0.1, 0.4, 1.01]
353	[0.17, -0.23, 0.05, -0.14, 0.06, 0.08, 1.0]	[0.0, 0.0, -0.0, -0.0, 0.0, -0.0, -1.0]	[0.17, -0.5, 0.82]	[0.1, 0.4, 1.01]
354	[0.29, -0.25, 0.09, -0.13, 0.04, 0.08, 1.0]	[0.0, 0.0, -0.0, -0.0, 0.0, -0.0, -1.0]	[0.17, -0.51, 0.82]	[0.1, 0.4, 1.01]
355	[0.23, -0.15, 0.05, -0.12, 0.03, 0.08, 1.0]	[0.0, 0.0, -0.0, -0.0, 0.0, -0.0, -1.0]	[0.17, -0.51, 0.82]	[0.1, 0.4, 1.01]
356	[0.22, -0.18, 0.06, -0.11, 0.02, 0.08, 1.0]	[0.0, 0.0, -0.0, 0.0, 0.0, 0.0, -1.0]	[0.17, -0.51, 0.82]	[0.1, 0.4, 1.01]
357	[0.12, -0.14, 0.18, -0.08, 0.03, 0.07, 1.0]	[0.0, 0.0, -0.0, -0.0, 0.0, -0.0, -1.0]	[0.18, -0.52, 0.82]	[0.1, 0.4, 1.01]
358	[-0.05, -0.22, -0.05, -0.08, 0.04, 0.07, 1.0]	[0.0, 0.0, -0.0, -0.0, 0.0, -0.0, -1.0]	[0.18, -0.52, 0.82]	[0.1, 0.4, 1.01]
359	[-0.11, -0.2, 0.03, -0.07, 0.04, 0.07, 1.0]	[0.0, 0.0, -0.0, -0.0, 0.0, -0.0, -1.0]	[0.18, -0.52, 0.82]	[0.1, 0.4, 1.01]
360	[-0.05, -0.25, -0.05, -0.06, 0.05, 0.06, 1.0]	[0.0, 0.0, -0.0, -0.0, 0.0, -0.0, -1.0]	[0.18, -0.52, 0.82]	[0.1, 0.4, 1.01]
361	[0.04, -0.27, -0.11, -0.06, 0.05, 0.05, 1.0]	[0.0, 0.0, -0.0, -0.0, 0.0, -0.0, -1.0]	[0.18, -0.52, 0.82]	[0.1, 0.4, 1.01]
362	[0.1, -0.37, -0.16, -0.05, 0.05, 0.04, 1.0]	[0.0, 0.0, -0.0, -0.0, 0.0, -0.0, -1.0]	[0.18, -0.52, 0.82]	[0.1, 0.4, 1.01]
363	[0.21, -0.33, -0.08, -0.04, 0.04, 0.02, 1.0]	[0.0, 0.0, -0.0, -0.0, 0.0, -0.0, -1.0]	[0.18, -0.52, 0.82]	[0.1, 0.4, 1.01]
364	[0.19, -0.35, 0.07, -0.03, 0.04, 0.01, 1.0]	[0.0, 0.0, -0.0, -0.0, 0.0, -0.0, -1.0]	[0.18, -0.52, 0.82]	[0.1, 0.4, 1.01]
365	[0.31, -0.22, 0.45, -0.03, 0.02, -0.01, 1.0]	[0.0, 0.0, -0.0, -0.0, 0.0, -0.0, -1.0]	[0.18, -0.52, 0.82]	[0.1, 0.4, 1.01]
366	[0.23, -0.14, 1.0, -0.0, 0.01, -0.02, 1.0]	[0.0, 0.0, -0.0, -0.0, 0.0, -0.0, -1.0]	[0.18, -0.52, 0.82]	[0.1, 0.4, 1.01]
367	[0.17, 0.2, 1.0, 0.07, -0.0, -0.02, 1.0]	[0.0, 0.0, -0.0, -0.0, 0.0, -0.0, -1.0]	[0.18, -0.52, 0.83]	[0.1, 0.4, 1.01]
368	[0.13, 0.33, 1.0, 0.09, -0.0, -0.02, 1.0]	[0.0, 0.0, -0.0, 0.0, 0.0, 0.0, -1.0]	[0.18, -0.52, 0.84]	[0.1, 0.4, 1.01]
369	[0.17, 0.34, 1.0, 0.1, -0.01, -0.03, 1.0]	[0.0, 0.0, -0.0, 0.0, 0.0, 0.0, -1.0]	[0.18, -0.51, 0.86]	[0.1, 0.4, 1.01]
370	[0.09, 0.44, 1.0, 0.11, -0.02, -0.02, 1.0]	[0.0, 0.0, -0.0, 0.0, 0.0, 0.0, -1.0]	[0.18, -0.51, 0.87]	[0.1, 0.4, 1.01]
371	[0.12, 0.31, 1.0, 0.11, -0.02, -0.02, 1.0]	[0.0, 0.0, -0.0, -0.0, 0.0, -0.0, -1.0]	[0.18, -0.51, 0.88]	[0.1, 0.4, 1.01]
372	[0.16, 0.49, 1.0, 0.11, -0.03, -0.02, 1.0]	[0.0, 0.0, -0.0, -0.0, 0.0, -0.0, -1.0]	[0.18, -0.5, 0.89]	[0.1, 0.4, 1.01]
373	[0.18, 0.34, 1.0, 0.11, -0.03, -0.02, 1.0]	[0.0, 0.0, -0.0, -0.0, 0.0, -0.0, -1.0]	[0.18, -0.5, 0.91]	[0.1, 0.4, 1.01]
374	[0.16, 0.48, 1.0, 0.11, -0.03, -0.02, 1.0]	[0.0, 0.0, -0.0, -0.0, 0.0, -0.0, -1.0]	[0.19, -0.5, 0.92]	[0.1, 0.4, 1.01]
375	[0.1, 0.47, 1.0, 0.1, -0.03, -0.02, 1.0]	[0.0, 0.0, -0.0, -0.0, 0.0, -0.0, -1.0]	[0.19, -0.5, 0.93]	[0.1, 0.4, 1.01]
376	[0.13, 0.62, 1.0, 0.08, -0.02, -0.01, 1.0]	[0.0, 0.0, -0.0, -0.0, 0.0, -0.0, -1.0]	[0.19, -0.49, 0.94]	[0.1, 0.4, 1.01]
377	[0.14, 0.86, 0.83, 0.06, -0.02, -0.01, 1.0]	[0.0, 0.0, -0.0, 0.0, 0.0, 0.0, -1.0]	[0.19, -0.49, 0.95]	[0.1, 0.4, 1.01]
378	[0.23, 0.86, 0.73, 0.04, -0.02, -0.01, 1.0]	[0.0, 0.0, -0.0, -0.0, 0.0, -0.0, -1.0]	[0.19, -0.48, 0.96]	[0.1, 0.4, 1.01]
379	[0.24, 1.0, 0.77, 0.02, -0.01, -0.01, 1.0]	[0.0, 0.0, -0.0, -0.0, 0.0, -0.0, -1.0]	[0.19, -0.48, 0.97]	[0.1, 0.4, 1.01]
380	[0.33, 0.93, 0.87, 0.01, 0.0, -0.01, 1.0]	[0.0, 0.0, -0.0, -0.0, 0.0, -0.0, -1.0]	[0.19, -0.47, 0.98]	[0.1, 0.4, 1.01]
381	[0.26, 1.0, 0.99, 0.0, 0.01, -0.01, 1.0]	[0.0, 0.0, -0.0, 0.0, 0.0, 0.0, -1.0]	[0.19, -0.46, 0.99]	[0.1, 0.4, 1.01]
382	[0.2, 1.0, 0.95, -0.01, 0.01, -0.0, 1.0]	[0.0, 0.0, -0.0, -0.0, 0.0, -0.0, -1.0]	[0.2, -0.45, 1.0]	[0.1, 0.4, 1.01]
383	[0.14, 1.0, 1.0, -0.01, 0.01, 0.0, 1.0]	[0.0, 0.0, -0.0, -0.0, 0.0, -0.0, -1.0]	[0.2, -0.45, 1.01]	[0.1, 0.4, 1.01]
384	[0.04, 1.0, 0.9, -0.02, 0.01, 0.01, 1.0]	[0.0, 0.0, -0.0, -0.0, 0.0, -0.0, -1.0]	[0.2, -0.44, 1.02]	[0.1, 0.4, 1.01]
385	[0.09, 1.0, 0.87, -0.02, 0.01, 0.01, 1.0]	[0.0, 0.0, -0.0, 0.0, 0.0, 0.0, -1.0]	[0.2, -0.43, 1.03]	[0.1, 0.4, 1.01]
386	[0.02, 1.0, 0.76, -0.02, 0.01, 0.01, 1.0]	[0.0, 0.0, -0.0, -0.0, 0.0, -0.0, -1.0]	[0.2, -0.42, 1.04]	[0.1, 0.4, 1.01]
387	[0.04, 1.0, 0.64, -0.02, 0.01, 0.02, 1.0]	[0.0, 0.0, -0.0, 0.0, 0.0, 0.0, -1.0]	[0.2, -0.4, 1.05]	[0.1, 0.4, 1.01]
388	[0.13, 1.0, 0.58, -0.01, 0.03, 0.02, 1.0]	[0.0, 0.0, -0.0, -0.0, 0.0, -0.0, -1.0]	[0.2, -0.39, 1.06]	[0.1, 0.4, 1.01]
389	[0.15, 1.0, 0.52, -0.0, 0.05, 0.02, 1.0]	[0.0, 0.0, -0.0, -0.0, 0.0, -0.0, -1.0]	[0.19, -0.38, 1.07]	[0.1, 0.4, 1.01]
390	[0.06, 1.0, 0.53, 0.01, 0.04, 0.02, 1.0]	[0.0, 0.0, -0.0, -0.0, 0.0, -0.0, -1.0]	[0.19, -0.36, 1.08]	[0.1, 0.4, 1.01]
391	[-0.17, 1.0, 0.36, 0.01, 0.04, 0.03, 1.0]	[0.0, 0.0, -0.0, -0.0, 0.0, -0.0, -1.0]	[0.19, -0.35, 1.08]	[0.1, 0.4, 1.01]
392	[-0.21, 1.0, 0.29, 0.01, 0.02, 0.04, 1.0]	[0.0, 0.0, -0.0, -0.0, 0.0, -0.0, -1.0]	[0.19, -0.34, 1.09]	[0.1, 0.4, 1.01]
393	[-0.22, 1.0, 0.22, 0.0, 0.01, 0.04, 1.0]	[0.0, 0.0, -0.0, -0.0, 0.0, -0.0, -1.0]	[0.19, -0.32, 1.09]	[0.1, 0.4, 1.01]
394	[-0.23, 1.0, 0.08, -0.0, -0.02, 0.03, 1.0]	[0.0, 0.0, -0.0, -0.0, 0.0, -0.0, -1.0]	[0.18, -0.31, 1.1]	[0.1, 0.4, 1.01]
395	[-0.3, 1.0, 0.1, 0.0, -0.02, 0.03, 1.0]	[0.0, 0.0, -0.0, -0.0, 0.0, -0.0, -1.0]	[0.18, -0.3, 1.1]	[0.1, 0.4, 1.01]
396	[-0.27, 1.0, -0.24, -0.01, 0.0, 0.04, 1.0]	[0.0, 0.0, -0.0, -0.0, 0.0, -0.0, -1.0]	[0.18, -0.28, 1.1]	[0.1, 0.4, 1.01]
397	[-0.2, 1.0, -0.15, -0.03, -0.0, 0.03, 1.0]	[0.0, 0.0, -0.0, -0.0, 0.0, -0.0, -1.0]	[0.17, -0.27, 1.1]	[0.1, 0.4, 1.01]
398	[-0.27, 1.0, -0.05, -0.02, -0.01, 0.03, 1.0]	[0.0, 0.0, -0.0, -0.0, 0.0, -0.0, -1.0]	[0.17, -0.26, 1.1]	[0.1, 0.4, 1.01]
399	[-0.19, 1.0, 0.01, -0.02, -0.01, 0.03, 1.0]	[0.0, 0.0, -0.0, -0.0, 0.0, -0.0, -1.0]	[0.17, -0.24, 1.1]	[0.1, 0.4, 1.01]
400	[-0.15, 1.0, -0.03, -0.01, -0.0, 0.02, 1.0]	[0.0, 0.0, -0.0, 0.0, 0.0, 0.0, -1.0]	[0.16, -0.23, 1.1]	[0.1, 0.4, 1.01]
401	[-0.03, 1.0, -0.07, -0.02, 0.01, 0.01, 1.0]	[0.0, 0.0, -0.0, -0.0, 0.0, -0.0, -1.0]	[0.16, -0.22, 1.09]	[0.1, 0.4, 1.01]
402	[-0.13, 1.0, -0.17, -0.02, 0.01, 0.0, 1.0]	[0.0, 0.0, -0.0, -0.0, 0.0, -0.0, -1.0]	[0.16, -0.21, 1.09]	[0.1, 0.4, 1.01]
403	[-0.08, 1.0, -0.15, -0.02, 0.0, -0.01, 1.0]	[0.0, 0.0, -0.0, -0.0, 0.0, -0.0, -1.0]	[0.16, -0.19, 1.09]	[0.1, 0.4, 1.01]
404	[-0.11, 1.0, -0.22, -0.02, 0.0, -0.01, 1.0]	[0.0, 0.0, -0.0, -0.0, 0.0, -0.0, -1.0]	[0.15, -0.18, 1.09]	[0.1, 0.4, 1.01]
405	[-0.05, 1.0, -0.32, -0.03, -0.0, -0.02, 1.0]	[0.0, 0.0, -0.0, -0.0, 0.0, -0.0, -1.0]	[0.15, -0.17, 1.08]	[0.1, 0.4, 1.01]
406	[-0.03, 1.0, -0.29, -0.03, -0.0, -0.03, 1.0]	[0.0, 0.0, -0.0, -0.0, 0.0, -0.0, -1.0]	[0.15, -0.16, 1.08]	[0.1, 0.4, 1.01]
407	[0.01, 1.0, -0.13, -0.02, -0.0, -0.03, 1.0]	[0.0, 0.0, -0.0, -0.0, 0.0, -0.0, -1.0]	[0.15, -0.15, 1.07]	[0.1, 0.4, 1.01]
408	[-0.0, 0.89, -0.12, -0.02, -0.0, -0.03, 1.0]	[0.0, 0.0, -0.0, 0.0, 0.0, 0.0, -1.0]	[0.15, -0.13, 1.07]	[0.1, 0.4, 1.01]
409	[0.12, 0.87, -0.25, -0.02, 0.01, -0.04, 1.0]	[0.0, 0.0, -0.0, 0.0, 0.0, 0.0, -1.0]	[0.15, -0.12, 1.07]	[0.1, 0.4, 1.01]
410	[0.08, 0.74, -0.28, -0.04, 0.01, -0.05, 1.0]	[0.0, 0.0, -0.0, -0.0, 0.0, -0.0, -1.0]	[0.15, -0.11, 1.06]	[0.1, 0.4, 1.01]
411	[0.08, 0.64, -0.17, -0.04, 0.0, -0.05, 1.0]	[0.0, 0.0, -0.0, 0.0, 0.0, 0.0, -1.0]	[0.15, -0.1, 1.06]	[0.1, 0.4, 1.01]
412	[0.08, 0.6, -0.08, -0.03, -0.0, -0.05, 1.0]	[0.0, 0.0, -0.0, 0.0, 0.0, 0.0, -1.0]	[0.15, -0.09, 1.06]	[0.1, 0.4, 1.01]
413	[0.09, 0.49, 0.01, -0.02, -0.01, -0.05, 1.0]	[0.0, 0.0, -0.0, 0.0, 0.0, 0.0, -1.0]	[0.15, -0.08, 1.06]	[0.1, 0.4, 1.01]
414	[-0.0, 0.55, 0.0, -0.01, -0.02, -0.04, 1.0]	[0.0, 0.0, -0.0, -0.0, 0.0, -0.0, -1.0]	[0.15, -0.08, 1.05]	[0.1, 0.4, 1.01]
415	[0.03, 0.52, 0.07, -0.0, -0.01, -0.03, 1.0]	[0.0, 0.0, -0.0, 0.0, 0.0, 0.0, -1.0]	[0.16, -0.07, 1.05]	[0.1, 0.4, 1.01]
416	[0.01, 0.42, 0.01, 0.0, -0.01, -0.03, 1.0]	[0.0, 0.0, -0.0, -0.0, 0.0, -0.0, -1.0]	[0.16, -0.06, 1.06]	[0.1, 0.4, 1.01]
417	[0.04, 0.33, -0.03, 0.01, -0.01, -0.03, 1.0]	[0.0, 0.0, -0.0, 0.0, 0.0, 0.0, -1.0]	[0.16, -0.06, 1.06]	[0.1, 0.4, 1.01]
418	[0.14, 0.33, -0.12, 0.01, -0.0, -0.03, 1.0]	[0.0, 0.0, -0.0, 0.0, 0.0, 0.0, -1.0]	[0.16, -0.05, 1.06]	[0.1, 0.4, 1.01]
419	[0.21, 0.3, -0.14, 0.01, 0.01, -0.03, 1.0]	[0.0, 0.0, -0.0, 0.0, 0.0, 0.0, -1.0]	[0.16, -0.05, 1.06]	[0.1, 0.4, 1.01]
420	[0.19, 0.24, -0.22, 0.01, 0.01, -0.04, 1.0]	[0.0, 0.0, -0.0, 0.0, 0.0, 0.0, -1.0]	[0.16, -0.04, 1.05]	[0.1, 0.4, 1.01]
421	[0.24, 0.18, -0.16, 0.01, 0.02, -0.04, 1.0]	[0.0, 0.0, -0.0, -0.0, 0.0, -0.0, -1.0]	[0.16, -0.04, 1.05]	[0.1, 0.4, 1.01]
422	[0.25, 0.17, -0.13, 0.01, 0.02, -0.04, 1.0]	[0.0, 0.0, -0.0, 0.0, 0.0, 0.0, -1.0]	[0.16, -0.03, 1.05]	[0.1, 0.4, 1.01]
423	[0.26, 0.14, -0.09, 0.01, 0.02, -0.04, 1.0]	[0.0, 0.0, -0.0, 0.0, 0.0, 0.0, -1.0]	[0.17, -0.03, 1.05]	[0.1, 0.4, 1.01]
424	[0.18, 0.14, -0.04, 0.01, 0.01, -0.04, 1.0]	[0.0, 0.0, -0.0, -0.0, 0.0, -0.0, -1.0]	[0.17, -0.03, 1.05]	[0.1, 0.4, 1.01]
425	[0.1, 0.07, 0.02, 0.02, 0.01, -0.03, 1.0]	[0.0, 0.0, -0.0, 0.0, 0.0, 0.0, -1.0]	[0.17, -0.03, 1.05]	[0.1, 0.4, 1.01]
426	[0.03, 0.13, -0.0, 0.02, 0.01, -0.03, 1.0]	[0.0, 0.0, -0.0, 0.0, 0.0, 0.0, -1.0]	[0.17, -0.02, 1.05]	[0.1, 0.4, 1.01]
427	[-0.02, 0.06, 0.05, 0.02, 0.01, -0.02, 1.0]	[0.0, 0.0, -0.0, -0.0, 0.0, -0.0, -1.0]	[0.18, -0.02, 1.05]	[0.1, 0.4, 1.01]
428	[-0.07, 0.11, -0.01, 0.02, 0.01, -0.02, 1.0]	[0.02, 0.06, 0.13, -0.04, -0.01, -0.11, -1.0]	[0.18, -0.02, 1.05]	[0.1, 0.4, 1.01]
429	[-0.15, 0.06, 0.01, 0.02, 0.01, -0.01, 1.0]	[-0.02, -0.01, -0.02, -0.03, -0.01, -0.11, -1.0]	[0.18, -0.02, 1.05]	[0.1, 0.4, 1.01]
430	[-0.18, 0.05, -0.01, 0.02, 0.01, -0.01, 1.0]	[0.01, -0.2, 0.24, -0.04, -0.01, -0.1, -1.0]	[0.18, -0.02, 1.05]	[0.09, 0.4, 1.01]
431	[-0.15, 0.07, -0.02, 0.03, 0.01, -0.0, 1.0]	[-0.01, -0.17, 0.17, -0.04, -0.01, -0.09, -1.0]	[0.17, -0.02, 1.05]	[0.09, 0.39, 1.01]
432	[-0.23, 0.02, -0.03, 0.03, 0.01, 0.0, 1.0]	[-0.05, -0.25, 0.24, -0.03, -0.01, -0.08, -1.0]	[0.17, -0.01, 1.05]	[0.09, 0.39, 1.01]
433	[-0.29, 0.0, -0.1, 0.03, 0.01, 0.01, 1.0]	[-0.04, -0.33, 0.38, -0.03, -0.01, -0.07, -1.0]	[0.17, -0.01, 1.05]	[0.09, 0.39, 1.01]
434	[-0.36, 0.0, -0.15, 0.02, 0.0, 0.01, 1.0]	[-0.0, -0.41, 0.19, -0.03, -0.01, -0.06, -1.0]	[0.17, -0.01, 1.05]	[0.09, 0.39, 1.02]
435	[-0.36, 0.02, -0.15, 0.02, -0.0, 0.01, 1.0]	[-0.02, -0.51, 0.39, -0.03, -0.01, -0.05, -1.0]	[0.16, -0.01, 1.05]	[0.09, 0.38, 1.02]
436	[-0.36, 0.02, -0.14, 0.02, -0.0, 0.02, 1.0]	[-0.08, -0.55, 0.35, -0.03, -0.01, -0.05, -1.0]	[0.16, -0.01, 1.05]	[0.09, 0.38, 1.02]
437	[-0.33, 0.05, -0.13, 0.02, -0.0, 0.02, 1.0]	[-0.04, -0.55, 0.46, -0.03, -0.01, -0.05, -1.0]	[0.16, -0.01, 1.05]	[0.09, 0.37, 1.03]
438	[-0.29, 0.03, -0.07, 0.02, -0.01, 0.02, 1.0]	[-0.01, -0.49, 0.59, -0.03, -0.01, -0.04, -1.0]	[0.15, -0.01, 1.05]	[0.09, 0.37, 1.03]
439	[-0.24, 0.06, -0.07, 0.02, -0.01, 0.02, 1.0]	[-0.02, -0.49, 0.51, -0.03, -0.01, -0.04, -1.0]	[0.15, -0.01, 1.05]	[0.09, 0.36, 1.04]
440	[-0.2, 0.04, -0.05, 0.02, -0.01, 0.02, 1.0]	[-0.0, -0.51, 0.44, -0.03, -0.01, -0.04, -1.0]	[0.14, -0.01, 1.05]	[0.09, 0.36, 1.05]
441	[-0.21, -0.0, -0.03, 0.01, -0.01, 0.02, 1.0]	[-0.01, -0.55, 0.43, -0.03, -0.01, -0.04, -1.0]	[0.14, -0.01, 1.05]	[0.09, 0.35, 1.05]
442	[-0.22, 0.0, -0.03, 0.01, -0.01, 0.02, 1.0]	[0.07, -0.54, 0.4, -0.03, -0.01, -0.04, -1.0]	[0.14, -0.0, 1.05]	[0.09, 0.34, 1.06]
443	[-0.18, -0.01, -0.06, 0.01, -0.01, 0.02, 1.0]	[0.08, -0.63, 0.55, -0.03, -0.02, -0.04, -1.0]	[0.14, -0.0, 1.05]	[0.09, 0.34, 1.06]
444	[-0.15, 0.03, -0.04, 0.01, -0.01, 0.02, 1.0]	[0.06, -0.74, 0.5, -0.02, -0.02, -0.04, -1.0]	[0.13, -0.0, 1.05]	[0.09, 0.33, 1.07]
445	[-0.16, 0.04, -0.05, 0.01, -0.01, 0.01, 1.0]	[0.01, -0.81, 0.69, -0.02, -0.02, -0.04, -1.0]	[0.13, -0.0, 1.05]	[0.09, 0.32, 1.07]
446	[-0.2, 0.05, 0.02, 0.01, -0.01, 0.01, 1.0]	[-0.03, -0.87, 0.54, -0.01, -0.02, -0.05, -1.0]	[0.13, -0.0, 1.04]	[0.09, 0.31, 1.08]
447	[-0.2, 0.04, 0.08, 0.01, -0.0, 0.02, 1.0]	[-0.02, -0.93, 0.6, -0.0, -0.02, -0.06, -1.0]	[0.13, -0.0, 1.04]	[0.09, 0.3, 1.09]
448	[-0.16, 0.04, 0.1, 0.01, -0.0, 0.02, 1.0]	[0.05, -0.9, 0.4, 0.01, -0.02, -0.07, -1.0]	[0.12, -0.0, 1.04]	[0.09, 0.29, 1.1]
449	[-0.08, 0.04, 0.07, 0.01, 0.0, 0.01, 1.0]	[0.04, -0.89, 0.43, 0.01, -0.01, -0.07, -1.0]	[0.12, -0.0, 1.05]	[0.09, 0.28, 1.1]
450	[-0.1, 0.02, 0.01, 0.0, 0.01, 0.01, 1.0]	[0.16, -0.77, 0.16, 0.02, -0.01, -0.08, -1.0]	[0.12, -0.0, 1.05]	[0.09, 0.27, 1.11]
451	[-0.13, -0.02, -0.0, 0.0, 0.01, 0.01, 1.0]	[0.24, -0.66, 0.26, 0.02, -0.0, -0.07, -1.0]	[0.12, -0.0, 1.05]	[0.09, 0.26, 1.11]
452	[-0.14, -0.06, -0.08, -0.0, 0.01, 0.01, 1.0]	[0.22, -0.63, 0.25, 0.02, -0.0, -0.06, -1.0]	[0.12, -0.0, 1.05]	[0.09, 0.25, 1.11]
453	[-0.18, -0.11, -0.09, -0.0, 0.01, 0.01, 1.0]	[0.13, -0.61, 0.25, 0.02, -0.0, -0.06, -1.0]	[0.12, -0.0, 1.05]	[0.1, 0.24, 1.12]
454	[-0.19, -0.12, -0.07, -0.0, 0.01, 0.02, 1.0]	[0.1, -0.65, 0.37, 0.02, -0.0, -0.06, -1.0]	[0.11, -0.0, 1.04]	[0.1, 0.23, 1.12]
455	[-0.14, -0.1, -0.07, -0.0, 0.0, 0.02, 1.0]	[0.09, -0.64, 0.25, 0.02, -0.01, -0.06, -1.0]	[0.11, -0.0, 1.04]	[0.1, 0.23, 1.12]
456	[-0.06, -0.06, -0.03, 0.0, 0.0, 0.02, 1.0]	[0.11, -0.76, 0.22, 0.03, -0.01, -0.06, -1.0]	[0.11, -0.01, 1.04]	[0.1, 0.22, 1.13]
457	[-0.0, -0.06, 0.02, 0.0, 0.0, 0.01, 1.0]	[0.03, -0.73, 0.15, 0.04, -0.01, -0.06, -1.0]	[0.11, -0.01, 1.04]	[0.1, 0.21, 1.13]
458	[0.0, -0.04, 0.04, 0.0, 0.0, 0.01, 1.0]	[0.09, -0.83, 0.09, 0.05, -0.01, -0.06, -1.0]	[0.11, -0.01, 1.04]	[0.1, 0.2, 1.13]
459	[-0.03, -0.05, 0.03, 0.0, 0.01, 0.01, 1.0]	[0.04, -0.74, 0.05, 0.06, -0.0, -0.06, -1.0]	[0.11, -0.01, 1.04]	[0.1, 0.19, 1.13]
460	[-0.05, -0.03, 0.05, 0.0, 0.0, 0.01, 1.0]	[0.06, -0.67, 0.03, 0.06, -0.0, -0.07, -1.0]	[0.11, -0.01, 1.04]	[0.1, 0.18, 1.13]
461	[-0.03, -0.01, 0.08, 0.0, 0.0, 0.01, 1.0]	[0.09, -0.56, 0.04, 0.06, -0.0, -0.07, -1.0]	[0.11, -0.01, 1.04]	[0.11, 0.17, 1.13]
462	[-0.07, -0.02, 0.08, -0.0, 0.0, 0.01, 1.0]	[0.12, -0.51, 0.11, 0.06, -0.0, -0.06, -1.0]	[0.11, -0.01, 1.04]	[0.11, 0.16, 1.13]
463	[-0.07, -0.02, 0.07, -0.0, 0.0, 0.01, 1.0]	[0.1, -0.44, 0.02, 0.06, -0.0, -0.06, -1.0]	[0.1, -0.01, 1.04]	[0.11, 0.16, 1.13]
464	[-0.08, 0.01, 0.03, -0.0, 0.0, 0.01, 1.0]	[0.11, -0.36, 0.02, 0.06, -0.01, -0.06, -1.0]	[0.1, -0.01, 1.05]	[0.11, 0.15, 1.13]
465	[-0.06, 0.01, -0.0, -0.0, -0.0, 0.01, 1.0]	[0.06, -0.33, 0.02, 0.05, -0.01, -0.06, -1.0]	[0.1, -0.01, 1.04]	[0.11, 0.14, 1.13]
466	[-0.06, 0.02, -0.03, -0.0, -0.0, 0.01, 1.0]	[0.07, -0.42, -0.01, 0.05, -0.01, -0.06, -1.0]	[0.1, -0.01, 1.04]	[0.11, 0.14, 1.14]
467	[-0.04, 0.02, -0.04, -0.0, -0.0, 0.0, 1.0]	[0.06, -0.35, -0.05, 0.05, -0.02, -0.06, -1.0]	[0.1, -0.01, 1.04]	[0.11, 0.13, 1.14]
468	[0.0, 0.02, -0.04, -0.0, -0.0, 0.0, 1.0]	[0.04, -0.38, -0.05, 0.05, -0.02, -0.06, -1.0]	[0.1, -0.01, 1.04]	[0.11, 0.13, 1.14]
469	[0.01, 0.01, -0.02, -0.0, -0.0, 0.0, 1.0]	[0.04, -0.43, -0.1, 0.06, -0.03, -0.06, -1.0]	[0.1, -0.01, 1.04]	[0.11, 0.12, 1.14]
470	[0.05, 0.02, -0.0, -0.0, -0.0, 0.0, 1.0]	[0.08, -0.45, 0.01, 0.06, -0.03, -0.07, -1.0]	[0.1, -0.01, 1.04]	[0.12, 0.12, 1.13]
471	[0.05, 0.02, -0.02, -0.0, -0.0, 0.0, 1.0]	[0.16, -0.43, -0.04, 0.06, -0.02, -0.07, -1.0]	[0.1, -0.01, 1.04]	[0.12, 0.11, 1.13]
472	[0.01, 0.02, -0.02, -0.01, -0.0, 0.0, 1.0]	[0.2, -0.4, 0.01, 0.07, -0.02, -0.06, -1.0]	[0.1, -0.01, 1.04]	[0.12, 0.11, 1.13]
473	[0.02, 0.03, -0.02, -0.01, -0.0, 0.0, 1.0]	[0.21, -0.38, 0.05, 0.06, -0.02, -0.06, -1.0]	[0.1, -0.01, 1.04]	[0.12, 0.1, 1.13]
474	[-0.01, 0.02, -0.04, -0.01, -0.0, 0.0, 1.0]	[0.22, -0.34, -0.07, 0.06, -0.01, -0.06, -1.0]	[0.1, -0.01, 1.04]	[0.12, 0.1, 1.13]
475	[-0.0, 0.03, -0.06, -0.01, -0.0, 0.0, 1.0]	[0.23, -0.26, -0.09, 0.06, -0.01, -0.06, -1.0]	[0.1, -0.01, 1.04]	[0.12, 0.09, 1.13]
476	[-0.01, 0.02, -0.04, -0.01, -0.0, 0.0, 1.0]	[0.21, -0.26, -0.16, 0.06, -0.0, -0.05, -1.0]	[0.1, -0.01, 1.04]	[0.13, 0.09, 1.13]
477	[-0.02, 0.03, -0.03, -0.01, -0.0, 0.0, 1.0]	[0.19, -0.25, -0.18, 0.05, 0.0, -0.05, -1.0]	[0.1, -0.01, 1.04]	[0.13, 0.09, 1.13]
478	[-0.02, 0.01, -0.02, -0.01, -0.0, 0.0, 1.0]	[0.18, -0.22, -0.29, 0.05, 0.01, -0.05, -1.0]	[0.1, -0.01, 1.04]	[0.13, 0.08, 1.13]
479	[-0.0, 0.02, -0.02, -0.01, -0.0, 0.0, 1.0]	[0.2, -0.23, -0.31, 0.06, 0.01, -0.05, -1.0]	[0.1, -0.01, 1.04]	[0.13, 0.08, 1.12]
480	[0.0, 0.0, 0.0, -0.01, -0.0, 0.0, 1.0]	[0.22, -0.15, -0.26, 0.06, 0.01, -0.04, -1.0]	[0.1, -0.01, 1.04]	[0.14, 0.08, 1.12]
481	[0.02, 0.01, 0.02, -0.01, -0.0, 0.0, 1.0]	[0.22, -0.16, -0.29, 0.06, 0.02, -0.04, -1.0]	[0.1, -0.01, 1.03]	[0.14, 0.07, 1.12]
482	[0.04, -0.0, 0.04, -0.01, -0.0, 0.0, 1.0]	[0.14, -0.13, -0.33, 0.05, 0.02, -0.04, -1.0]	[0.1, -0.01, 1.03]	[0.14, 0.07, 1.11]
483	[0.04, -0.01, -0.01, -0.01, -0.0, 0.0, 1.0]	[0.17, -0.07, -0.38, 0.05, 0.03, -0.03, -1.0]	[0.1, -0.01, 1.03]	[0.14, 0.07, 1.11]
484	[0.03, -0.01, -0.0, -0.0, -0.0, 0.0, 1.0]	[0.19, -0.05, -0.29, 0.05, 0.03, -0.03, -1.0]	[0.1, -0.01, 1.03]	[0.15, 0.07, 1.1]
485	[0.05, 0.0, -0.02, -0.0, -0.0, 0.0, 1.0]	[0.14, 0.05, -0.3, 0.04, 0.03, -0.02, -1.0]	[0.1, -0.01, 1.03]	[0.15, 0.07, 1.1]
486	[0.04, -0.01, -0.01, -0.0, -0.0, 0.0, 1.0]	[0.13, 0.02, -0.29, 0.04, 0.04, -0.02, -1.0]	[0.1, -0.01, 1.03]	[0.15, 0.07, 1.1]
487	[0.05, -0.01, -0.0, -0.0, -0.0, 0.0, 1.0]	[0.11, 0.01, -0.28, 0.03, 0.04, -0.02, -1.0]	[0.1, -0.01, 1.03]	[0.15, 0.07, 1.09]
488	[0.0, -0.01, 0.01, -0.0, -0.0, 0.0, 1.0]	[0.08, 0.01, -0.24, 0.03, 0.04, -0.01, -1.0]	[0.1, -0.01, 1.03]	[0.15, 0.07, 1.09]
489	[-0.02, -0.01, 0.0, -0.0, -0.01, 0.0, 1.0]	[0.06, 0.0, -0.24, 0.03, 0.04, -0.01, -1.0]	[0.11, -0.01, 1.03]	[0.16, 0.07, 1.09]
490	[-0.03, 0.0, -0.0, -0.0, -0.01, 0.0, 1.0]	[0.04, -0.01, -0.24, 0.03, 0.04, -0.01, -1.0]	[0.11, -0.01, 1.03]	[0.16, 0.07, 1.09]
491	[-0.04, -0.0, -0.0, -0.0, -0.01, 0.0, 1.0]	[0.04, -0.03, -0.23, 0.02, 0.03, -0.01, -1.0]	[0.11, -0.01, 1.03]	[0.16, 0.07, 1.09]
492	[-0.05, -0.01, 0.03, -0.0, -0.01, 0.0, 1.0]	[0.04, -0.0, -0.23, 0.03, 0.03, -0.01, -1.0]	[0.11, -0.01, 1.03]	[0.16, 0.07, 1.08]
493	[-0.09, 0.0, -0.02, -0.0, -0.01, 0.0, 1.0]	[0.05, -0.02, -0.3, 0.03, 0.03, -0.01, -1.0]	[0.11, -0.01, 1.03]	[0.16, 0.07, 1.08]
494	[-0.06, -0.0, 0.02, -0.0, -0.01, 0.0, 1.0]	[0.03, 0.04, -0.27, 0.03, 0.04, -0.01, -1.0]	[0.11, -0.01, 1.02]	[0.16, 0.07, 1.08]
495	[-0.04, 0.0, 0.05, 0.0, -0.01, 0.01, 1.0]	[0.07, 0.05, -0.28, 0.03, 0.04, -0.0, -1.0]	[0.11, -0.01, 1.02]	[0.16, 0.07, 1.07]
496	[-0.05, -0.01, 0.05, 0.0, -0.01, 0.01, 1.0]	[0.08, 0.03, -0.28, 0.03, 0.04, -0.0, -1.0]	[0.11, -0.01, 1.02]	[0.16, 0.07, 1.07]
497	[-0.02, -0.01, 0.06, 0.01, -0.01, 0.01, 1.0]	[0.07, 0.02, -0.33, 0.03, 0.04, -0.0, -1.0]	[0.11, -0.02, 1.02]	[0.16, 0.07, 1.07]
498	[-0.04, -0.01, 0.05, 0.01, -0.01, 0.01, 1.0]	[-0.05, 0.07, -0.29, 0.04, 0.04, -0.01, -1.0]	[0.11, -0.02, 1.02]	[0.16, 0.07, 1.07]
499	[-0.02, 0.01, 0.03, 0.01, -0.01, 0.01, 1.0]	[-0.03, 0.05, -0.14, 0.04, 0.03, -0.0, -1.0]	[0.11, -0.02, 1.02]	[0.16, 0.07, 1.06]
500	[-0.01, 0.01, 0.04, 0.01, -0.01, 0.01, 1.0]	[-0.12, 0.14, -0.1, 0.03, 0.04, -0.01, -1.0]	[0.11, -0.02, 1.02]	[0.16, 0.07, 1.06]
501	[-0.01, 0.02, 0.04, 0.01, -0.01, 0.01, 1.0]	[-0.1, 0.06, -0.01, 0.03, 0.03, -0.01, -1.0]	[0.11, -0.02, 1.02]	[0.16, 0.07, 1.06]
502	[-0.02, 0.01, 0.03, 0.01, -0.01, 0.01, 1.0]	[-0.2, 0.07, 0.05, 0.02, 0.03, -0.01, -1.0]	[0.11, -0.02, 1.02]	[0.16, 0.07, 1.06]
503	[-0.03, 0.02, 0.0, 0.01, -0.01, 0.01, 1.0]	[-0.2, 0.09, 0.13, 0.01, 0.03, -0.0, -1.0]	[0.11, -0.02, 1.02]	[0.16, 0.07, 1.06]
504	[-0.03, 0.01, -0.01, 0.01, -0.01, 0.01, 1.0]	[-0.21, 0.13, 0.13, 0.0, 0.03, -0.0, -1.0]	[0.11, -0.01, 1.02]	[0.16, 0.07, 1.06]
505	[-0.03, 0.03, -0.04, 0.01, -0.01, 0.0, 1.0]	[-0.21, 0.13, 0.18, -0.01, 0.03, -0.0, -1.0]	[0.11, -0.01, 1.02]	[0.15, 0.07, 1.06]
506	[-0.02, 0.02, -0.02, 0.0, -0.01, 0.0, 1.0]	[-0.22, 0.14, 0.17, -0.02, 0.03, -0.0, -1.0]	[0.11, -0.01, 1.02]	[0.15, 0.07, 1.07]
507	[-0.05, 0.02, -0.02, 0.0, -0.0, 0.0, 1.0]	[-0.21, 0.17, 0.09, -0.03, 0.03, -0.0, -1.0]	[0.11, -0.01, 1.02]	[0.15, 0.07, 1.07]
508	[-0.06, 0.01, -0.01, 0.0, -0.0, 0.0, 1.0]	[-0.26, 0.16, -0.02, -0.03, 0.03, 0.0, -1.0]	[0.1, -0.01, 1.02]	[0.15, 0.07, 1.07]
509	[-0.07, 0.03, -0.03, 0.0, -0.0, 0.01, 1.0]	[-0.25, 0.13, -0.02, -0.04, 0.03, -0.0, -1.0]	[0.1, -0.01, 1.02]	[0.15, 0.07, 1.07]
510	[-0.06, 0.01, -0.03, -0.0, -0.0, 0.01, 1.0]	[-0.34, 0.18, -0.19, -0.04, 0.02, -0.0, -1.0]	[0.1, -0.01, 1.02]	[0.14, 0.07, 1.07]
511	[-0.06, 0.02, -0.01, -0.0, -0.0, 0.01, 1.0]	[-0.26, 0.11, -0.12, -0.04, 0.02, -0.0, -1.0]	[0.1, -0.01, 1.02]	[0.14, 0.07, 1.07]
512	[-0.0, 0.0, 0.01, -0.0, 0.0, 0.0, 1.0]	[-0.28, 0.13, -0.13, -0.04, 0.02, -0.0, -1.0]	[0.1, -0.01, 1.02]	[0.14, 0.07, 1.07]
513	[0.01, 0.01, 0.01, -0.0, 0.0, 0.0, 1.0]	[-0.22, 0.08, -0.21, -0.04, 0.02, -0.01, -1.0]	[0.1, -0.01, 1.02]	[0.14, 0.08, 1.07]
514	[0.03, -0.0, -0.0, -0.0, 0.0, 0.0, 1.0]	[-0.2, 0.12, -0.14, -0.04, 0.02, -0.01, -1.0]	[0.1, -0.01, 1.02]	[0.14, 0.08, 1.07]
515	[0.01, 0.01, -0.02, -0.0, 0.0, 0.0, 1.0]	[-0.17, 0.12, -0.19, -0.03, 0.02, -0.01, -1.0]	[0.1, -0.01, 1.02]	[0.13, 0.08, 1.07]
516	[0.03, -0.01, -0.02, -0.0, 0.0, 0.0, 1.0]	[-0.17, 0.22, -0.12, -0.03, 0.02, -0.01, -1.0]	[0.1, -0.01, 1.02]	[0.13, 0.08, 1.07]
517	[0.01, -0.0, -0.01, -0.0, 0.0, 0.0, 1.0]	[-0.13, 0.17, -0.13, -0.03, 0.01, -0.01, -1.0]	[0.1, -0.01, 1.02]	[0.13, 0.08, 1.07]
518	[0.0, -0.01, -0.03, -0.0, 0.0, 0.0, 1.0]	[-0.09, 0.15, -0.17, -0.03, 0.01, -0.0, -1.0]	[0.1, -0.01, 1.02]	[0.13, 0.08, 1.07]
519	[-0.04, 0.0, -0.06, -0.0, 0.0, 0.0, 1.0]	[-0.08, 0.14, -0.16, -0.03, 0.01, -0.0, -1.0]	[0.1, -0.01, 1.02]	[0.13, 0.08, 1.06]
520	[-0.0, 0.0, -0.08, -0.01, 0.0, 0.0, 1.0]	[-0.14, 0.15, -0.14, -0.03, 0.0, -0.0, -1.0]	[0.1, -0.01, 1.02]	[0.13, 0.08, 1.06]
521	[0.01, 0.01, -0.08, -0.01, 0.0, 0.0, 1.0]	[-0.08, 0.16, -0.16, -0.03, 0.0, -0.0, -1.0]	[0.1, -0.01, 1.02]	[0.13, 0.08, 1.06]
522	[0.01, -0.01, -0.05, -0.01, 0.01, 0.0, 1.0]	[-0.05, 0.16, -0.18, -0.03, -0.0, -0.0, -1.0]	[0.1, -0.01, 1.02]	[0.12, 0.08, 1.06]
523	[-0.0, 0.03, -0.07, -0.01, 0.01, 0.0, 1.0]	[-0.02, 0.18, -0.21, -0.03, -0.01, 0.0, -1.0]	[0.1, -0.01, 1.02]	[0.12, 0.08, 1.06]
524	[0.0, -0.0, -0.05, -0.01, 0.01, 0.0, 1.0]	[0.0, 0.16, -0.19, -0.03, -0.01, 0.0, -1.0]	[0.1, -0.01, 1.01]	[0.12, 0.08, 1.06]
525	[-0.0, 0.01, -0.01, -0.01, 0.01, 0.0, 1.0]	[0.03, 0.14, -0.27, -0.03, -0.01, 0.01, -1.0]	[0.1, -0.01, 1.01]	[0.12, 0.09, 1.05]
526	[0.01, -0.01, 0.0, -0.01, 0.01, 0.0, 1.0]	[-0.03, 0.15, -0.41, -0.02, -0.02, 0.01, -1.0]	[0.1, -0.01, 1.01]	[0.12, 0.09, 1.05]
527	[0.02, -0.0, 0.02, -0.01, 0.01, 0.0, 1.0]	[0.06, 0.13, -0.41, -0.02, -0.02, 0.01, -1.0]	[0.1, -0.01, 1.01]	[0.12, 0.09, 1.05]
528	[0.03, -0.01, 0.01, -0.01, 0.01, 0.0, 1.0]	[-0.01, 0.21, -0.45, -0.01, -0.02, 0.01, -1.0]	[0.1, -0.01, 1.01]	[0.12, 0.09, 1.04]
529	[0.04, -0.01, -0.02, -0.01, 0.01, 0.0, 1.0]	[0.06, 0.14, -0.42, -0.01, -0.02, 0.01, -1.0]	[0.1, -0.01, 1.01]	[0.13, 0.09, 1.04]
530	[0.03, -0.01, -0.01, -0.01, 0.01, 0.0, 1.0]	[-0.03, 0.14, -0.28, -0.0, -0.02, 0.0, -1.0]	[0.1, -0.01, 1.01]	[0.13, 0.09, 1.03]
531	[-0.01, 0.0, -0.01, -0.01, 0.01, 0.01, 1.0]	[-0.02, 0.13, -0.26, 0.0, -0.02, 0.0, -1.0]	[0.1, -0.01, 1.01]	[0.13, 0.1, 1.03]
532	[-0.01, -0.01, 0.01, -0.0, 0.01, 0.01, 1.0]	[-0.06, 0.14, -0.09, 0.0, -0.02, 0.0, -1.0]	[0.1, -0.01, 1.01]	[0.13, 0.1, 1.02]
533	[-0.01, -0.01, 0.0, -0.0, 0.01, 0.01, 1.0]	[-0.08, 0.13, -0.14, -0.0, -0.02, 0.0, -1.0]	[0.1, -0.01, 1.01]	[0.13, 0.1, 1.02]
534	[-0.02, 0.0, -0.01, 0.0, 0.01, 0.01, 1.0]	[-0.11, 0.13, -0.15, -0.0, -0.02, -0.0, -1.0]	[0.1, -0.01, 1.01]	[0.12, 0.1, 1.02]
535	[-0.01, 0.0, -0.04, 0.0, 0.01, 0.01, 1.0]	[-0.09, 0.13, -0.15, -0.0, -0.03, -0.0, -1.0]	[0.1, -0.01, 1.01]	[0.12, 0.1, 1.02]
536	[-0.02, -0.0, 0.01, 0.0, 0.01, 0.01, 1.0]	[-0.03, 0.13, -0.22, -0.0, -0.02, 0.0, -1.0]	[0.1, -0.01, 1.01]	[0.12, 0.1, 1.02]
537	[-0.03, -0.02, 0.06, 0.0, 0.01, 0.01, 1.0]	[0.0, 0.12, -0.26, 0.0, -0.02, 0.0, -1.0]	[0.1, -0.01, 1.01]	[0.12, 0.11, 1.02]
538	[-0.01, -0.01, 0.06, 0.0, 0.01, 0.0, 1.0]	[0.0, 0.07, -0.15, -0.0, -0.03, 0.01, -1.0]	[0.1, -0.01, 1.01]	[0.12, 0.11, 1.01]
539	[-0.01, -0.01, 0.05, 0.0, 0.01, 0.0, 1.0]	[0.02, 0.06, -0.1, -0.01, -0.03, 0.01, -1.0]	[0.1, -0.01, 1.01]	[0.12, 0.11, 1.01]
540	[-0.01, -0.01, 0.05, 0.0, 0.01, 0.0, 1.0]	[0.02, 0.06, -0.02, -0.01, -0.05, 0.02, -1.0]	[0.1, -0.01, 1.01]	[0.12, 0.11, 1.01]
541	[0.0, -0.03, 0.03, 0.0, 0.01, 0.0, 1.0]	[0.02, 0.03, 0.18, -0.03, -0.05, 0.02, -1.0]	[0.1, -0.01, 1.01]	[0.12, 0.11, 1.01]
542	[0.03, -0.02, 0.03, 0.01, 0.01, 0.0, 1.0]	[0.03, 0.02, 0.11, -0.04, -0.04, 0.02, -1.0]	[0.1, -0.01, 1.01]	[0.12, 0.11, 1.01]
543	[0.03, -0.01, 0.02, 0.01, 0.0, 0.0, 1.0]	[0.02, -0.02, 0.19, -0.04, -0.03, 0.02, -1.0]	[0.1, -0.01, 1.01]	[0.12, 0.11, 1.01]
544	[0.04, -0.01, 0.03, 0.01, 0.0, 0.0, 1.0]	[-0.01, -0.06, 0.14, -0.04, -0.02, 0.02, -1.0]	[0.1, -0.01, 1.01]	[0.12, 0.11, 1.02]
545	[0.01, 0.0, 0.03, 0.01, 0.0, 0.0, 1.0]	[-0.03, -0.06, 0.13, -0.04, -0.02, 0.02, -1.0]	[0.1, -0.01, 1.01]	[0.12, 0.11, 1.02]
546	[0.02, -0.0, 0.01, 0.01, 0.0, 0.0, 1.0]	[-0.0, -0.08, 0.12, -0.03, -0.01, 0.01, -1.0]	[0.1, -0.01, 1.01]	[0.12, 0.11, 1.02]
547	[0.01, -0.01, 0.01, 0.01, 0.0, 0.0, 1.0]	[0.0, -0.01, 0.1, -0.03, -0.01, 0.01, -1.0]	[0.1, -0.01, 1.01]	[0.12, 0.1, 1.02]
548	[-0.01, -0.01, 0.02, 0.01, 0.0, 0.0, 1.0]	[0.01, 0.0, 0.06, -0.03, -0.01, 0.01, -1.0]	[0.1, -0.01, 1.01]	[0.12, 0.1, 1.02]
549	[0.0, 0.02, -0.01, 0.01, 0.0, 0.0, 1.0]	[-0.01, -0.01, -0.0, -0.03, -0.0, 0.01, -1.0]	[0.1, -0.01, 1.01]	[0.12, 0.1, 1.02]
550	[0.01, -0.0, -0.0, 0.01, 0.0, 0.0, 1.0]	[0.01, -0.03, 0.07, -0.03, 0.0, 0.01, -1.0]	[0.1, -0.01, 1.01]	[0.12, 0.1, 1.02]
551	[-0.01, -0.0, 0.03, 0.01, 0.0, 0.0, 1.0]	[-0.06, -0.04, 0.01, -0.03, 0.0, 0.01, -1.0]	[0.1, -0.01, 1.01]	[0.12, 0.1, 1.03]
552	[-0.03, -0.0, 0.02, 0.01, 0.0, 0.0, 1.0]	[-0.06, -0.02, -0.13, -0.02, 0.0, 0.01, -1.0]	[0.1, -0.01, 1.01]	[0.12, 0.1, 1.03]
553	[-0.04, 0.02, 0.01, 0.0, 0.0, 0.0, 1.0]	[-0.05, -0.04, 0.03, -0.03, -0.01, 0.02, -1.0]	[0.1, -0.01, 1.01]	[0.12, 0.1, 1.02]
554	[-0.03, 0.0, 0.02, 0.0, 0.0, 0.0, 1.0]	[-0.0, -0.02, 0.03, -0.04, -0.02, 0.02, -1.0]	[0.1, -0.01, 1.01]	[0.12, 0.1, 1.02]
555	[-0.02, -0.0, 0.01, 0.0, 0.0, 0.0, 1.0]	[-0.02, -0.04, -0.0, -0.03, -0.03, 0.02, -1.0]	[0.1, -0.01, 1.01]	[0.12, 0.1, 1.02]
556	[-0.02, -0.01, -0.01, 0.0, 0.0, 0.0, 1.0]	[0.02, -0.04, 0.14, -0.03, -0.02, 0.02, -1.0]	[0.1, -0.01, 1.01]	[0.12, 0.1, 1.02]
557	[-0.03, 0.01, -0.04, 0.0, 0.0, 0.0, 1.0]	[0.03, -0.04, 0.09, -0.03, -0.02, 0.02, 1.0]	[0.1, -0.01, 1.01]	[0.12, 0.1, 1.03]
558	[-0.01, -0.01, -0.03, 0.0, 0.0, 0.0, 1.0]	[0.01, -0.03, 0.06, -0.03, -0.02, 0.02, 1.0]	[0.09, -0.01, 1.01]	[0.12, 0.1, 1.03]
559	[-0.03, 0.01, -0.04, 0.0, 0.0, 0.0, 1.0]	[0.03, 0.01, -0.02, -0.03, -0.02, 0.02, 1.0]	[0.09, -0.01, 1.01]	[0.12, 0.1, 1.03]
560	[-0.0, -0.0, 0.01, 0.0, 0.0, 0.0, 1.0]	[0.01, 0.01, 0.05, -0.03, -0.01, 0.02, 1.0]	[0.09, -0.01, 1.01]	[0.12, 0.1, 1.03]
561	[-0.02, 0.01, 0.04, 0.0, 0.0, 0.0, 1.0]	[0.05, -0.02, -0.02, -0.03, -0.01, 0.02, 1.0]	[0.09, -0.01, 1.01]	[0.12, 0.1, 1.03]
562	[-0.01, -0.01, 0.04, 0.0, 0.0, 0.0, 1.0]	[0.03, -0.01, -0.03, -0.02, -0.01, 0.01, 1.0]	[0.09, -0.01, 1.01]	[0.12, 0.1, 1.03]
563	[-0.01, 0.0, 0.04, 0.0, 0.0, 0.0, 1.0]	[0.03, 0.0, 0.02, -0.02, -0.01, 0.01, 1.0]	[0.09, -0.01, 1.01]	[0.12, 0.1, 1.03]
564	[-0.01, -0.0, 0.04, 0.0, -0.0, 0.0, 1.0]	[0.0, 0.01, -0.04, -0.02, -0.0, 0.01, 1.0]	[0.09, -0.01, 1.01]	[0.12, 0.1, 1.03]
565	[-0.01, -0.0, 0.04, 0.0, -0.0, 0.0, 1.0]	[0.02, 0.02, 0.03, -0.02, -0.0, 0.01, 1.0]	[0.09, -0.01, 1.01]	[0.12, 0.1, 1.03]
566	[-0.01, -0.02, 0.06, 0.01, -0.0, 0.0, 1.0]	[0.02, 0.02, 0.06, -0.02, -0.0, 0.01, 1.0]	[0.09, -0.01, 1.01]	[0.12, 0.1, 1.03]
567	[-0.04, 0.0, 0.04, 0.01, -0.0, 0.0, 1.0]	[0.01, 0.04, 0.08, -0.02, -0.0, 0.01, 1.0]	[0.09, -0.01, 1.01]	[0.12, 0.1, 1.03]
568	[-0.04, -0.01, 0.03, 0.0, -0.0, 0.0, 1.0]	[-0.01, 0.05, 0.11, -0.02, 0.0, 0.01, 1.0]	[0.09, -0.01, 1.02]	[0.12, 0.1, 1.03]
569	[-0.06, 0.01, 0.02, 0.0, -0.0, 0.0, 1.0]	[-0.0, 0.04, 0.11, -0.02, -0.0, 0.01, 1.0]	[0.09, -0.01, 1.02]	[0.12, 0.1, 1.03]
570	[-0.05, -0.01, 0.01, 0.0, -0.0, 0.01, 1.0]	[-0.03, 0.04, 0.08, -0.02, -0.0, 0.01, 1.0]	[0.09, -0.01, 1.02]	[0.12, 0.1, 1.03]
571	[-0.02, -0.0, -0.01, 0.0, -0.0, 0.0, 1.0]	[-0.04, 0.04, 0.0, -0.02, -0.0, 0.01, 1.0]	[0.09, -0.01, 1.02]	[0.12, 0.1, 1.03]
572	[-0.01, -0.01, -0.02, 0.0, 0.0, 0.0, 1.0]	[-0.08, 0.02, -0.0, -0.02, -0.01, 0.01, 1.0]	[0.09, -0.01, 1.02]	[0.12, 0.1, 1.04]
573	[0.01, -0.0, -0.02, 0.0, 0.0, 0.0, 1.0]	[-0.11, 0.04, -0.02, -0.02, -0.01, 0.01, 1.0]	[0.09, -0.01, 1.02]	[0.12, 0.1, 1.04]
574	[0.01, -0.01, -0.03, 0.0, 0.0, 0.0, -1.0]	[-0.12, 0.09, 0.03, -0.02, -0.01, 0.01, 1.0]	[0.09, -0.01, 1.02]	[0.12, 0.1, 1.04]
575	[0.05, -0.02, 0.01, 0.01, 0.0, 0.0, -1.0]	[-0.16, 0.1, 0.03, -0.02, -0.01, 0.0, 1.0]	[0.09, -0.01, 1.02]	[0.12, 0.1, 1.04]
576	[0.04, -0.01, -0.08, 0.01, -0.02, -0.0, -1.0]	[-0.1, 0.14, 0.08, -0.02, -0.01, 0.0, 1.0]	[0.09, -0.01, 1.02]	[0.11, 0.1, 1.04]
577	[-0.02, 0.03, 0.22, 0.03, -0.02, 0.0, -1.0]	[-0.15, 0.18, 0.13, -0.03, -0.01, 0.0, 1.0]	[0.09, -0.01, 1.02]	[0.11, 0.1, 1.04]
578	[0.06, -0.09, -0.06, 0.02, -0.02, -0.0, -1.0]	[-0.11, 0.16, 0.08, -0.03, -0.01, 0.01, 1.0]	[0.09, -0.01, 1.02]	[0.11, 0.1, 1.04]
579	[-0.06, -0.0, -0.22, 0.0, -0.01, 0.0, -1.0]	[-0.1, 0.17, 0.11, -0.04, -0.01, 0.01, 1.0]	[0.09, -0.01, 1.02]	[0.11, 0.1, 1.04]
580	[-0.06, -0.07, 0.02, 0.0, -0.01, 0.01, -1.0]	[-0.1, 0.16, 0.08, -0.04, -0.01, 0.01, 1.0]	[0.09, -0.01, 1.02]	[0.11, 0.11, 1.04]
581	[-0.02, -0.07, 0.07, 0.0, -0.0, 0.01, -1.0]	[-0.06, 0.16, 0.03, -0.04, -0.01, 0.01, 1.0]	[0.09, -0.01, 1.02]	[0.11, 0.11, 1.05]
582	[-0.01, -0.12, 0.16, 0.0, 0.0, 0.01, -1.0]	[-0.06, 0.16, 0.01, -0.04, -0.01, 0.01, 1.0]	[0.09, -0.01, 1.02]	[0.11, 0.11, 1.05]
583	[-0.03, -0.13, 0.18, 0.01, 0.0, 0.01, -1.0]	[-0.04, 0.17, -0.02, -0.03, -0.0, 0.01, 1.0]	[0.09, -0.01, 1.02]	[0.11, 0.11, 1.05]
584	[-0.03, -0.17, 0.29, 0.01, -0.0, 0.01, -1.0]	[-0.08, 0.22, 0.03, -0.03, -0.0, 0.01, 1.0]	[0.09, -0.01, 1.03]	[0.11, 0.11, 1.05]
585	[-0.05, -0.2, 0.34, 0.02, -0.0, 0.01, -1.0]	[-0.08, 0.22, 0.01, -0.03, -0.01, 0.01, 1.0]	[0.09, -0.01, 1.03]	[0.11, 0.11, 1.05]
586	[-0.03, -0.23, 0.38, 0.03, -0.0, 0.01, -1.0]	[-0.05, 0.18, 0.01, -0.03, -0.01, 0.02, 1.0]	[0.09, -0.02, 1.03]	[0.11, 0.12, 1.05]
587	[-0.05, -0.27, 0.41, 0.04, -0.01, 0.01, -1.0]	[-0.08, 0.14, -0.03, -0.03, -0.01, 0.02, 1.0]	[0.09, -0.02, 1.04]	[0.1, 0.12, 1.05]
588	[-0.0, -0.35, 0.5, 0.06, -0.01, 0.01, -1.0]	[-0.1, 0.09, 0.07, -0.02, -0.01, 0.02, 1.0]	[0.09, -0.02, 1.05]	[0.1, 0.12, 1.05]
589	[-0.01, -0.42, 0.62, 0.07, -0.02, 0.01, -1.0]	[-0.1, 0.07, -0.05, -0.02, -0.01, 0.01, 1.0]	[0.09, -0.02, 1.05]	[0.1, 0.12, 1.05]
590	[-0.03, -0.54, 0.81, 0.09, -0.03, 0.01, -1.0]	[-0.13, 0.12, -0.08, -0.01, -0.01, 0.01, 1.0]	[0.09, -0.02, 1.06]	[0.1, 0.12, 1.05]
591	[-0.06, -0.65, 1.0, 0.11, -0.03, 0.01, -1.0]	[-0.12, 0.11, -0.07, 0.01, -0.01, 0.0, 1.0]	[0.09, -0.02, 1.07]	[0.1, 0.12, 1.05]
592	[-0.09, -0.72, 1.0, 0.14, -0.04, 0.01, -1.0]	[-0.16, 0.16, -0.19, 0.02, -0.0, -0.0, 1.0]	[0.09, -0.03, 1.09]	[0.09, 0.12, 1.06]
593	[-0.25, -0.84, 1.0, 0.19, -0.05, 0.03, -1.0]	[-0.18, 0.14, -0.09, 0.03, -0.0, -0.01, 1.0]	[0.09, -0.03, 1.1]	[0.09, 0.11, 1.06]
594	[-0.35, -0.88, 1.0, 0.21, -0.05, 0.04, -1.0]	[-0.21, 0.13, -0.1, 0.04, -0.0, -0.01, 1.0]	[0.09, -0.03, 1.12]	[0.09, 0.11, 1.07]
595	[-0.47, -1.0, 1.0, 0.23, -0.05, 0.05, -1.0]	[-0.2, 0.13, -0.05, 0.05, -0.0, -0.01, 1.0]	[0.09, -0.03, 1.13]	[0.08, 0.1, 1.07]
596	[-0.59, -1.0, 0.86, 0.25, -0.05, 0.07, -1.0]	[-0.21, 0.13, -0.04, 0.07, -0.0, -0.02, 1.0]	[0.08, -0.04, 1.15]	[0.08, 0.1, 1.08]
597	[-0.58, -1.0, 0.61, 0.27, -0.05, 0.08, -1.0]	[-0.26, 0.18, -0.01, 0.09, -0.0, -0.02, 1.0]	[0.08, -0.04, 1.16]	[0.07, 0.09, 1.09]
598	[-0.56, -1.0, 0.42, 0.29, -0.04, 0.09, -1.0]	[-0.29, 0.3, -0.04, 0.1, -0.01, -0.02, 1.0]	[0.07, -0.04, 1.17]	[0.07, 0.09, 1.09]
599	[-0.46, -1.0, 0.14, 0.29, -0.03, 0.09, -1.0]	[-0.27, 0.28, -0.01, 0.12, -0.01, -0.02, 1.0]	[0.07, -0.05, 1.18]	[0.06, 0.08, 1.1]
600	[-0.43, -1.0, -0.05, 0.3, -0.02, 0.1, -1.0]	[-0.29, 0.25, -0.1, 0.14, -0.01, -0.02, 1.0]	[0.06, -0.05, 1.18]	[0.05, 0.08, 1.1]
601	[-0.44, -1.0, -0.06, 0.31, -0.01, 0.1, -1.0]	[-0.24, 0.14, -0.1, 0.15, -0.01, -0.03, 1.0]	[0.06, -0.05, 1.19]	[0.04, 0.08, 1.11]
602	[-0.4, -1.0, -0.14, 0.31, -0.0, 0.1, -1.0]	[-0.23, 0.09, -0.12, 0.17, -0.0, -0.03, 1.0]	[0.05, -0.05, 1.19]	[0.04, 0.08, 1.11]
603	[-0.39, -1.0, -0.23, 0.32, 0.01, 0.11, -1.0]	[-0.18, 0.04, -0.1, 0.18, -0.0, -0.03, 1.0]	[0.05, -0.05, 1.19]	[0.03, 0.08, 1.11]
604	[-0.33, -1.0, -0.23, 0.33, 0.02, 0.11, -1.0]	[-0.09, 0.02, -0.04, 0.18, -0.0, -0.03, 1.0]	[0.04, -0.06, 1.19]	[0.03, 0.08, 1.12]
605	[-0.22, -1.0, -0.29, 0.34, 0.04, 0.11, -1.0]	[-0.07, 0.09, -0.03, 0.18, -0.0, -0.03, 1.0]	[0.04, -0.06, 1.19]	[0.02, 0.08, 1.12]
606	[-0.13, -1.0, -0.52, 0.34, 0.04, 0.1, -1.0]	[0.01, 0.02, 0.04, 0.17, -0.0, -0.03, 1.0]	[0.04, -0.06, 1.19]	[0.02, 0.08, 1.12]
607	[-0.04, -1.0, -0.69, 0.34, 0.06, 0.09, -1.0]	[-0.02, 0.01, 0.01, 0.16, 0.0, -0.02, 1.0]	[0.03, -0.06, 1.19]	[0.02, 0.08, 1.12]
608	[-0.01, -1.0, -0.79, 0.34, 0.06, 0.08, -1.0]	[0.02, -0.01, 0.08, 0.15, 0.0, -0.02, 1.0]	[0.03, -0.06, 1.19]	[0.02, 0.07, 1.13]
609	[0.17, -0.97, -0.7, 0.35, 0.07, 0.07, -1.0]	[0.06, 0.0, 0.07, 0.13, 0.0, -0.02, 1.0]	[0.03, -0.07, 1.19]	[0.02, 0.07, 1.13]
610	[0.21, -0.82, -0.69, 0.35, 0.06, 0.06, -1.0]	[0.06, -0.0, 0.04, 0.12, 0.0, -0.01, 1.0]	[0.03, -0.07, 1.19]	[0.02, 0.07, 1.13]
611	[0.25, -0.85, -0.52, 0.36, 0.06, 0.05, -1.0]	[0.0, -0.01, 0.02, 0.1, 0.0, -0.02, 1.0]	[0.03, -0.07, 1.18]	[0.02, 0.07, 1.13]
612	[0.33, -0.8, -0.42, 0.36, 0.05, 0.03, -1.0]	[0.03, -0.02, -0.07, 0.09, 0.0, -0.01, 1.0]	[0.03, -0.07, 1.18]	[0.02, 0.07, 1.13]
613	[0.47, -0.74, -0.18, 0.37, 0.04, 0.02, -1.0]	[0.03, -0.01, -0.08, 0.08, 0.0, -0.02, 1.0]	[0.04, -0.07, 1.18]	[0.02, 0.07, 1.13]
614	[0.63, -0.72, -0.01, 0.38, 0.03, 0.01, -1.0]	[0.03, -0.0, -0.02, 0.06, 0.0, -0.02, 1.0]	[0.04, -0.07, 1.18]	[0.02, 0.07, 1.13]
615	[0.92, -0.84, 0.23, 0.39, 0.0, -0.01, -1.0]	[0.01, -0.03, -0.07, 0.06, 0.0, -0.02, 1.0]	[0.05, -0.07, 1.19]	[0.02, 0.07, 1.13]
616	[1.0, -0.87, 0.17, 0.4, 0.0, -0.03, -1.0]	[0.0, 0.0, -0.0, 0.04, 0.0, -0.02, 1.0]	[0.06, -0.07, 1.19]	[0.02, 0.07, 1.13]
617	[1.0, -0.87, 0.22, 0.41, -0.0, -0.04, -1.0]	[0.02, 0.02, -0.07, 0.04, -0.0, -0.01, 1.0]	[0.07, -0.08, 1.2]	[0.02, 0.07, 1.14]
618	[1.0, -0.78, 0.12, 0.41, -0.02, -0.06, -1.0]	[-0.02, 0.01, -0.03, 0.03, -0.0, -0.01, 1.0]	[0.08, -0.08, 1.21]	[0.02, 0.07, 1.14]
619	[1.0, -0.74, 0.11, 0.41, -0.04, -0.07, -1.0]	[0.01, -0.03, -0.08, 0.02, -0.0, -0.01, 1.0]	[0.1, -0.08, 1.22]	[0.02, 0.07, 1.14]
620	[0.96, -0.73, 0.2, 0.41, -0.06, -0.08, -1.0]	[-0.02, -0.01, -0.05, 0.02, -0.0, -0.01, 1.0]	[0.11, -0.09, 1.23]	[0.02, 0.06, 1.14]
621	[0.87, -0.72, 0.36, 0.41, -0.07, -0.08, -1.0]	[0.01, 0.0, -0.05, 0.01, -0.0, -0.01, 1.0]	[0.12, -0.09, 1.23]	[0.02, 0.06, 1.13]
622	[0.8, -0.71, 0.44, 0.41, -0.08, -0.08, -1.0]	[0.01, 0.02, -0.03, 0.01, -0.0, -0.01, 1.0]	[0.14, -0.09, 1.24]	[0.02, 0.06, 1.13]
623	[0.81, -0.79, 0.44, 0.41, -0.09, -0.09, -1.0]	[0.02, 0.02, 0.05, 0.0, -0.0, -0.01, 1.0]	[0.15, -0.09, 1.25]	[0.02, 0.06, 1.13]
624	[0.75, -0.89, 0.26, 0.4, -0.1, -0.1, -1.0]	[0.03, 0.02, -0.0, 0.0, -0.0, -0.01, 1.0]	[0.16, -0.1, 1.27]	[0.02, 0.06, 1.14]
625	[0.63, -0.93, -0.08, 0.4, -0.1, -0.09, -1.0]	[0.04, -0.03, 0.03, -0.0, -0.0, -0.01, 1.0]	[0.18, -0.1, 1.28]	[0.02, 0.06, 1.14]
626	[0.48, -0.83, -0.48, 0.38, -0.1, -0.09, -1.0]	[0.02, 0.02, 0.02, -0.01, -0.0, -0.0, 1.0]	[0.19, -0.11, 1.28]	[0.02, 0.06, 1.14]
627	[0.34, -0.75, -0.88, 0.37, -0.1, -0.08, -1.0]	[0.01, 0.04, -0.06, -0.01, -0.0, -0.0, 1.0]	[0.2, -0.11, 1.29]	[0.02, 0.06, 1.14]
628	[0.29, -0.67, -1.0, 0.35, -0.1, -0.08, -1.0]	[-0.03, 0.12, 0.04, -0.01, 0.0, -0.0, 1.0]	[0.2, -0.11, 1.29]	[0.03, 0.06, 1.14]
629	[0.13, -0.49, -1.0, 0.33, -0.09, -0.07, -1.0]	[-0.03, 0.2, 0.02, -0.02, 0.0, -0.0, 1.0]	[0.21, -0.12, 1.28]	[0.02, 0.06, 1.14]
630	[0.13, -0.34, -1.0, 0.31, -0.09, -0.06, -1.0]	[-0.05, 0.32, 0.02, -0.03, 0.01, 0.0, 1.0]	[0.22, -0.12, 1.28]	[0.02, 0.06, 1.14]
631	[0.12, -0.18, -1.0, 0.29, -0.08, -0.06, -1.0]	[-0.03, 0.43, -0.0, -0.04, 0.01, 0.01, 1.0]	[0.22, -0.11, 1.27]	[0.02, 0.06, 1.14]
632	[0.05, -0.14, -1.0, 0.26, -0.07, -0.06, -1.0]	[-0.15, 0.51, -0.12, -0.05, 0.01, 0.01, 1.0]	[0.23, -0.11, 1.26]	[0.02, 0.06, 1.14]
633	[-0.06, -0.03, -1.0, 0.23, -0.06, -0.05, -1.0]	[-0.2, 0.54, -0.16, -0.06, 0.01, 0.01, 1.0]	[0.23, -0.11, 1.26]	[0.02, 0.07, 1.14]
634	[-0.18, 0.08, -1.0, 0.21, -0.06, -0.04, -1.0]	[-0.24, 0.65, -0.27, -0.07, 0.01, 0.01, 1.0]	[0.23, -0.11, 1.25]	[0.02, 0.07, 1.15]
635	[-0.17, 0.09, -1.0, 0.19, -0.05, -0.04, -1.0]	[-0.2, 0.6, -0.25, -0.08, 0.01, 0.02, 1.0]	[0.23, -0.1, 1.24]	[0.02, 0.07, 1.15]
636	[-0.25, 0.1, -1.0, 0.16, -0.05, -0.03, -1.0]	[-0.21, 0.68, -0.41, -0.08, 0.01, 0.02, 1.0]	[0.23, -0.1, 1.23]	[0.02, 0.08, 1.15]
637	[-0.35, 0.05, -0.92, 0.15, -0.04, -0.03, -1.0]	[-0.17, 0.7, -0.25, -0.09, 0.01, 0.01, 1.0]	[0.23, -0.09, 1.22]	[0.01, 0.08, 1.14]
638	[-0.46, 0.01, -0.75, 0.14, -0.05, -0.02, -1.0]	[-0.1, 0.76, -0.29, -0.09, 0.02, 0.02, 1.0]	[0.23, -0.09, 1.21]	[0.01, 0.09, 1.14]
639	[-0.44, -0.03, -0.56, 0.13, -0.06, -0.01, -1.0]	[-0.09, 0.62, -0.29, -0.1, 0.01, 0.02, 1.0]	[0.22, -0.09, 1.2]	[0.01, 0.09, 1.14]
640	[-0.48, -0.08, -0.46, 0.13, -0.08, -0.01, -1.0]	[-0.13, 0.73, -0.18, -0.1, 0.01, 0.02, 1.0]	[0.22, -0.08, 1.19]	[0.01, 0.1, 1.14]
641	[-0.49, -0.21, -0.4, 0.13, -0.09, -0.01, -1.0]	[-0.13, 0.62, -0.3, -0.1, 0.02, 0.02, 1.0]	[0.22, -0.08, 1.19]	[0.01, 0.11, 1.14]
642	[-0.69, -0.42, -0.35, 0.13, -0.1, 0.0, -1.0]	[-0.14, 0.72, -0.21, -0.1, 0.01, 0.02, 1.0]	[0.21, -0.08, 1.18]	[0.01, 0.11, 1.14]
643	[-0.69, -0.59, -0.17, 0.14, -0.1, 0.01, -1.0]	[-0.14, 0.69, -0.21, -0.1, 0.02, 0.03, 1.0]	[0.2, -0.08, 1.18]	[0.0, 0.12, 1.14]
644	[-0.83, -0.92, -0.14, 0.16, -0.1, 0.02, -1.0]	[-0.14, 0.77, -0.2, -0.1, 0.02, 0.03, 1.0]	[0.2, -0.08, 1.18]	[0.0, 0.13, 1.14]
645	[-0.71, -1.0, -0.12, 0.19, -0.1, 0.03, -1.0]	[-0.14, 0.76, -0.14, -0.1, 0.02, 0.03, 1.0]	[0.19, -0.08, 1.19]	[0.0, 0.13, 1.13]
646	[-0.78, -1.0, -0.46, 0.21, -0.09, 0.04, -1.0]	[-0.11, 0.7, -0.19, -0.09, 0.03, 0.03, 1.0]	[0.18, -0.09, 1.19]	[-0.0, 0.14, 1.13]
647	[-0.68, -0.96, -0.52, 0.22, -0.09, 0.05, -1.0]	[-0.09, 0.67, -0.14, -0.09, 0.03, 0.03, 1.0]	[0.17, -0.09, 1.19]	[-0.0, 0.15, 1.13]
648	[-0.66, -0.91, -0.69, 0.23, -0.09, 0.06, -1.0]	[-0.04, 0.65, -0.06, -0.09, 0.03, 0.03, 1.0]	[0.17, -0.1, 1.2]	[-0.0, 0.16, 1.13]
649	[-0.5, -0.82, -0.54, 0.24, -0.09, 0.07, -1.0]	[-0.06, 0.62, -0.07, -0.08, 0.02, 0.03, 1.0]	[0.16, -0.1, 1.19]	[-0.01, 0.17, 1.13]
650	[-0.32, -0.73, -0.61, 0.25, -0.09, 0.06, -1.0]	[-0.08, 0.63, -0.12, -0.07, 0.02, 0.04, 1.0]	[0.15, -0.1, 1.19]	[-0.01, 0.18, 1.13]
651	[-0.21, -0.64, -0.57, 0.26, -0.09, 0.05, -1.0]	[-0.13, 0.67, -0.13, -0.06, 0.01, 0.04, 1.0]	[0.15, -0.1, 1.19]	[-0.01, 0.19, 1.13]
652	[-0.15, -0.6, -0.83, 0.25, -0.09, 0.05, -1.0]	[-0.1, 0.59, -0.13, -0.05, 0.0, 0.04, 1.0]	[0.15, -0.11, 1.19]	[-0.01, 0.2, 1.12]
653	[-0.08, -0.39, -0.77, 0.25, -0.08, 0.04, -1.0]	[-0.22, 0.61, -0.16, -0.04, -0.0, 0.04, 1.0]	[0.15, -0.11, 1.19]	[-0.01, 0.21, 1.12]
654	[-0.03, -0.41, -0.85, 0.23, -0.07, 0.04, -1.0]	[-0.28, 0.58, -0.13, -0.03, -0.0, 0.03, 1.0]	[0.15, -0.11, 1.18]	[-0.01, 0.22, 1.12]
655	[-0.07, -0.22, -0.73, 0.22, -0.07, 0.03, -1.0]	[-0.37, 0.65, -0.28, -0.02, -0.01, 0.03, 1.0]	[0.15, -0.1, 1.17]	[-0.01, 0.23, 1.12]
656	[-0.02, -0.21, -0.63, 0.21, -0.05, 0.03, -1.0]	[-0.42, 0.6, -0.16, -0.02, -0.01, 0.02, 1.0]	[0.15, -0.1, 1.17]	[-0.02, 0.24, 1.11]
657	[-0.13, -0.06, -0.64, 0.2, -0.04, 0.02, -1.0]	[-0.37, 0.66, -0.34, -0.0, -0.02, 0.01, 1.0]	[0.15, -0.1, 1.16]	[-0.02, 0.25, 1.11]
658	[-0.26, -0.01, -0.74, 0.18, -0.04, 0.03, -1.0]	[-0.36, 0.56, -0.31, 0.01, -0.03, 0.0, 1.0]	[0.15, -0.1, 1.16]	[-0.03, 0.25, 1.1]
659	[-0.23, 0.05, -0.8, 0.16, -0.03, 0.03, -1.0]	[-0.29, 0.57, -0.3, 0.02, -0.03, -0.0, 1.0]	[0.14, -0.1, 1.15]	[-0.03, 0.26, 1.1]
660	[-0.26, -0.0, -0.86, 0.13, -0.04, 0.03, -1.0]	[-0.3, 0.57, -0.19, 0.03, -0.03, -0.01, 1.0]	[0.14, -0.09, 1.14]	[-0.04, 0.27, 1.09]
661	[-0.28, 0.01, -0.69, 0.11, -0.03, 0.04, -1.0]	[-0.32, 0.51, -0.19, 0.04, -0.04, -0.02, 1.0]	[0.14, -0.09, 1.13]	[-0.04, 0.28, 1.09]
662	[-0.25, -0.08, -0.56, 0.1, -0.03, 0.04, -1.0]	[-0.35, 0.47, -0.16, 0.04, -0.04, -0.02, 1.0]	[0.14, -0.09, 1.12]	[-0.04, 0.29, 1.09]
663	[-0.25, 0.03, -0.38, 0.09, -0.03, 0.04, -1.0]	[-0.41, 0.51, -0.22, 0.04, -0.04, -0.03, 1.0]	[0.13, -0.09, 1.12]	[-0.05, 0.3, 1.08]
664	[-0.21, -0.06, -0.23, 0.09, -0.02, 0.04, -1.0]	[-0.39, 0.44, -0.12, 0.05, -0.04, -0.04, 1.0]	[0.13, -0.08, 1.11]	[-0.05, 0.31, 1.08]
665	[-0.2, 0.08, -0.06, 0.09, -0.02, 0.04, -1.0]	[-0.39, 0.42, -0.11, 0.05, -0.03, -0.04, 1.0]	[0.13, -0.08, 1.11]	[-0.06, 0.31, 1.08]
666	[-0.16, -0.07, 0.01, 0.09, -0.02, 0.04, -1.0]	[-0.41, 0.39, -0.02, 0.05, -0.03, -0.05, 1.0]	[0.13, -0.08, 1.11]	[-0.06, 0.32, 1.07]
667	[-0.2, 0.07, -0.0, 0.09, -0.02, 0.04, -1.0]	[-0.33, 0.35, -0.03, 0.05, -0.02, -0.05, 1.0]	[0.12, -0.08, 1.11]	[-0.07, 0.33, 1.07]
668	[-0.08, -0.12, -0.02, 0.09, -0.01, 0.04, -1.0]	[-0.3, 0.4, 0.06, 0.04, -0.02, -0.05, 1.0]	[0.12, -0.08, 1.11]	[-0.07, 0.33, 1.07]
669	[-0.06, 0.05, -0.11, 0.08, -0.01, 0.04, -1.0]	[-0.19, 0.45, -0.12, 0.04, -0.01, -0.05, 1.0]	[0.12, -0.08, 1.11]	[-0.08, 0.34, 1.07]
670	[0.06, -0.01, -0.12, 0.08, -0.01, 0.03, -1.0]	[-0.15, 0.44, -0.11, 0.04, -0.01, -0.04, 1.0]	[0.12, -0.08, 1.11]	[-0.08, 0.34, 1.07]
671	[-0.03, 0.06, -0.13, 0.07, -0.01, 0.03, -1.0]	[-0.19, 0.34, -0.24, 0.04, -0.0, -0.04, 1.0]	[0.12, -0.07, 1.11]	[-0.08, 0.35, 1.07]
672	[-0.01, 0.02, -0.09, 0.06, -0.01, 0.03, -1.0]	[-0.32, 0.28, -0.22, 0.04, -0.0, -0.04, 1.0]	[0.12, -0.07, 1.11]	[-0.08, 0.36, 1.07]
673	[-0.1, 0.1, -0.16, 0.05, -0.01, 0.03, -1.0]	[-0.37, 0.17, -0.24, 0.04, -0.0, -0.05, 1.0]	[0.12, -0.07, 1.1]	[-0.09, 0.36, 1.06]
674	[-0.12, 0.06, -0.11, 0.05, -0.01, 0.03, -1.0]	[-0.38, 0.19, -0.19, 0.04, -0.01, -0.05, 1.0]	[0.12, -0.07, 1.1]	[-0.09, 0.36, 1.06]
675	[-0.18, 0.11, -0.16, 0.04, -0.01, 0.03, -1.0]	[-0.38, 0.21, -0.13, 0.04, -0.01, -0.05, 1.0]	[0.12, -0.07, 1.1]	[-0.1, 0.37, 1.06]
676	[-0.13, 0.05, -0.1, 0.03, -0.01, 0.03, -1.0]	[-0.39, 0.25, -0.1, 0.04, -0.01, -0.05, 1.0]	[0.11, -0.07, 1.1]	[-0.1, 0.37, 1.05]
677	[-0.14, 0.11, -0.1, 0.03, -0.01, 0.03, -1.0]	[-0.26, 0.3, -0.02, 0.04, -0.01, -0.05, 1.0]	[0.11, -0.07, 1.1]	[-0.11, 0.37, 1.05]
678	[-0.05, 0.04, -0.11, 0.02, -0.01, 0.03, -1.0]	[-0.29, 0.3, -0.08, 0.03, 0.0, -0.05, 1.0]	[0.11, -0.07, 1.1]	[-0.11, 0.38, 1.05]
679	[-0.08, 0.08, -0.09, 0.02, -0.01, 0.02, -1.0]	[-0.2, 0.29, -0.11, 0.03, 0.01, -0.05, 1.0]	[0.11, -0.06, 1.1]	[-0.11, 0.38, 1.05]
680	[-0.02, 0.02, -0.02, 0.01, -0.01, 0.02, -1.0]	[-0.21, 0.28, -0.1, 0.03, 0.02, -0.04, 1.0]	[0.11, -0.06, 1.1]	[-0.12, 0.39, 1.05]
681	[-0.03, 0.06, -0.02, 0.01, -0.01, 0.02, -1.0]	[-0.2, 0.3, -0.14, 0.03, 0.02, -0.04, 1.0]	[0.11, -0.06, 1.09]	[-0.12, 0.39, 1.05]
682	[0.08, -0.02, -0.02, 0.01, -0.0, 0.02, -1.0]	[-0.21, 0.29, -0.1, 0.03, 0.03, -0.03, 1.0]	[0.11, -0.06, 1.09]	[-0.12, 0.39, 1.05]
683	[0.03, 0.06, 0.0, 0.01, -0.0, 0.02, -1.0]	[-0.22, 0.25, -0.04, 0.02, 0.03, -0.03, 1.0]	[0.11, -0.06, 1.09]	[-0.13, 0.4, 1.05]
684	[0.09, 0.02, -0.03, 0.01, -0.0, 0.01, -1.0]	[-0.2, 0.22, -0.04, 0.02, 0.03, -0.03, 1.0]	[0.11, -0.06, 1.09]	[-0.13, 0.4, 1.04]
685	[0.03, 0.04, -0.05, 0.0, -0.0, 0.01, -1.0]	[-0.13, 0.16, 0.03, 0.02, 0.03, -0.02, 1.0]	[0.11, -0.06, 1.09]	[-0.13, 0.4, 1.04]
686	[-0.03, -0.04, -0.09, 0.0, -0.0, 0.01, -1.0]	[-0.08, 0.17, 0.01, 0.02, 0.03, -0.02, 1.0]	[0.11, -0.06, 1.09]	[-0.13, 0.41, 1.04]
687	[-0.04, 0.03, -0.02, 0.0, -0.0, 0.01, -1.0]	[-0.02, 0.12, 0.05, 0.01, 0.03, -0.02, 1.0]	[0.11, -0.06, 1.09]	[-0.14, 0.41, 1.04]
688	[-0.01, 0.07, -0.07, 0.01, -0.0, 0.01, -1.0]	[0.05, 0.11, 0.04, 0.01, 0.04, -0.02, 1.0]	[0.11, -0.06, 1.09]	[-0.14, 0.41, 1.04]
689	[-0.03, 0.05, -0.01, 0.01, 0.0, 0.01, -1.0]	[0.1, 0.1, -0.06, 0.01, 0.04, -0.01, 1.0]	[0.11, -0.06, 1.09]	[-0.14, 0.41, 1.04]
690	[0.0, 0.03, -0.08, 0.0, 0.0, 0.0, -1.0]	[0.16, 0.07, 0.01, 0.01, 0.03, -0.0, 1.0]	[0.11, -0.06, 1.09]	[-0.14, 0.41, 1.04]
691	[-0.02, 0.03, -0.05, 0.0, 0.0, 0.0, -1.0]	[0.16, 0.07, -0.08, 0.0, 0.03, 0.0, 1.0]	[0.11, -0.06, 1.09]	[-0.13, 0.41, 1.04]
692	[-0.01, 0.03, -0.1, -0.0, 0.0, 0.0, -1.0]	[0.11, 0.03, -0.03, 0.0, 0.02, 0.0, 1.0]	[0.11, -0.06, 1.09]	[-0.13, 0.42, 1.04]
693	[0.01, 0.02, -0.04, -0.0, 0.0, 0.0, -1.0]	[0.06, 0.0, 0.0, 0.0, 0.02, 0.0, 1.0]	[0.11, -0.06, 1.09]	[-0.13, 0.42, 1.04]
694	[0.0, 0.01, -0.01, -0.0, 0.0, 0.0, -1.0]	[0.02, -0.03, -0.03, 0.0, 0.01, 0.0, -1.0]	[0.11, -0.06, 1.09]	[-0.13, 0.42, 1.04]
695	[-0.01, 0.01, -0.0, -0.0, 0.01, 0.0, -1.0]	[-0.06, 0.0, 0.1, -0.01, 0.01, 0.0, -1.0]	[0.11, -0.06, 1.09]	[-0.13, 0.42, 1.04]
696	[-0.0, -0.01, 0.01, -0.0, 0.0, 0.0, -1.0]	[-0.05, -0.02, -0.0, -0.01, 0.01, 0.0, -1.0]	[0.11, -0.06, 1.09]	[-0.13, 0.42, 1.04]
697	[0.02, -0.0, 0.0, -0.0, 0.0, 0.0, -1.0]	[-0.02, -0.01, 0.02, -0.01, 0.01, -0.0, -1.0]	[0.11, -0.06, 1.09]	[-0.13, 0.42, 1.04]
698	[0.02, -0.02, 0.02, -0.0, 0.0, 0.0, -1.0]	[-0.02, 0.03, -0.05, -0.0, 0.01, -0.0, -1.0]	[0.11, -0.06, 1.09]	[-0.13, 0.42, 1.04]
699	[0.03, 0.0, -0.03, -0.0, 0.0, 0.0, -1.0]	[0.01, 0.02, -0.04, 0.0, 0.01, -0.0, -1.0]	[0.11, -0.06, 1.09]	[-0.13, 0.42, 1.04]
700	[-0.03, 0.0, -0.06, -0.01, 0.0, 0.0, -1.0]	[-0.0, 0.01, 0.0, -0.0, 0.01, -0.0, -1.0]	[0.11, -0.06, 1.09]	[-0.13, 0.42, 1.04]
701	[-0.04, 0.01, -0.01, -0.0, 0.0, 0.0, -1.0]	[-0.02, 0.0, -0.01, -0.0, 0.01, -0.0, -1.0]	[0.11, -0.06, 1.09]	[-0.13, 0.42, 1.04]
702	[-0.03, -0.01, -0.03, -0.0, 0.0, 0.0, -1.0]	[-0.03, -0.0, 0.02, -0.0, 0.01, -0.0, -1.0]	[0.11, -0.06, 1.08]	[-0.13, 0.42, 1.04]
703	[-0.02, 0.02, 0.02, -0.0, 0.0, 0.0, -1.0]	[-0.0, -0.01, 0.1, -0.0, 0.01, -0.0, -1.0]	[0.11, -0.06, 1.08]	[-0.13, 0.42, 1.04]
704	[-0.04, 0.04, -0.03, -0.0, 0.0, 0.0, -1.0]	[-0.04, -0.0, 0.01, -0.0, 0.01, -0.01, -1.0]	[0.11, -0.06, 1.08]	[-0.13, 0.42, 1.04]
705	[0.01, 0.02, -0.0, -0.0, 0.0, 0.0, -1.0]	[-0.02, -0.04, 0.07, -0.0, 0.01, -0.01, -1.0]	[0.11, -0.06, 1.08]	[-0.13, 0.42, 1.04]
706	[0.0, -0.02, -0.04, -0.0, 0.0, 0.0, -1.0]	[-0.01, -0.02, 0.03, -0.01, 0.01, -0.01, -1.0]	[0.11, -0.06, 1.08]	[-0.13, 0.42, 1.04]
707	[0.01, -0.01, -0.03, -0.0, 0.0, 0.0, -1.0]	[0.01, -0.04, 0.1, -0.01, 0.01, -0.01, -1.0]	[0.11, -0.06, 1.08]	[-0.13, 0.42, 1.04]
708	[-0.03, -0.04, -0.03, -0.0, 0.0, 0.0, -1.0]	[0.03, -0.03, -0.0, -0.0, 0.01, -0.0, -1.0]	[0.11, -0.06, 1.08]	[-0.13, 0.42, 1.05]
709	[-0.0, -0.01, -0.02, -0.0, 0.0, 0.0, -1.0]	[0.01, -0.05, 0.02, -0.0, 0.01, -0.0, -1.0]	[0.11, -0.06, 1.08]	[-0.13, 0.42, 1.05]
710	[-0.05, -0.02, -0.03, -0.0, 0.0, 0.0, -1.0]	[0.05, -0.04, 0.02, -0.0, 0.01, -0.0, -1.0]	[0.11, -0.06, 1.08]	[-0.13, 0.42, 1.05]
711	[0.01, -0.0, -0.02, -0.0, 0.0, 0.0, -1.0]	[-0.01, -0.0, -0.07, -0.01, 0.01, -0.0, -1.0]	[0.1, -0.06, 1.08]	[-0.13, 0.42, 1.05]
712	[-0.01, -0.02, 0.0, -0.0, -0.0, 0.0, -1.0]	[0.01, -0.02, 0.0, -0.01, 0.01, -0.0, -1.0]	[0.1, -0.06, 1.08]	[-0.13, 0.41, 1.05]
713	[0.01, 0.01, 0.02, -0.0, -0.0, 0.0, -1.0]	[-0.02, -0.03, -0.08, -0.01, 0.01, 0.0, -1.0]	[0.1, -0.06, 1.08]	[-0.13, 0.41, 1.05]
