step	action	robot0_eef_pos	cubeA_pos	cubeB_pos	gripper_to_cubeA	gripper_to_cubeB	cubeA_to_cubeB
0	[1.02, 0.16, 0.0, 0.0, 0.0, 0.0, -1.0]	[-0.1, 0.01, 1.0]	[-0.01, 0.02, 0.82]	[-0.06, -0.04, 0.82]	[0.09, 0.01, -0.18]	[0.04, -0.05, -0.18]	[-0.05, -0.07, 0.0]
1	[0.87, 0.14, 0.0, 0.0, 0.0, 0.0, -1.0]	[-0.08, 0.01, 1.0]	[-0.01, 0.02, 0.82]	[-0.06, -0.04, 0.82]	[0.07, 0.01, -0.18]	[0.02, -0.05, -0.17]	[-0.05, -0.07, 0.0]
2	[0.69, 0.11, 0.0, 0.0, 0.0, 0.0, -1.0]	[-0.06, 0.01, 1.0]	[-0.01, 0.02, 0.82]	[-0.06, -0.04, 0.82]	[0.05, 0.01, -0.18]	[0.01, -0.06, -0.17]	[-0.05, -0.07, 0.0]
3	[0.54, 0.09, 0.0, 0.0, 0.0, 0.0, -1.0]	[-0.05, 0.02, 1.0]	[-0.01, 0.02, 0.82]	[-0.06, -0.04, 0.82]	[0.04, 0.01, -0.18]	[-0.01, -0.06, -0.17]	[-0.05, -0.07, 0.0]
4	[0.4, 0.07, 0.0, 0.0, 0.0, 0.0, -1.0]	[-0.04, 0.02, 1.0]	[-0.01, 0.02, 0.82]	[-0.06, -0.04, 0.82]	[0.03, 0.0, -0.18]	[-0.02, -0.06, -0.17]	[-0.05, -0.07, 0.0]
5	[0.29, 0.05, 0.0, 0.0, 0.0, 0.0, -1.0]	[-0.03, 0.02, 1.0]	[-0.01, 0.02, 0.82]	[-0.06, -0.04, 0.82]	[0.02, 0.0, -0.18]	[-0.03, -0.06, -0.17]	[-0.05, -0.07, 0.0]
6	[0.21, 0.04, 0.0, 0.0, 0.0, 0.0, -1.0]	[-0.02, 0.02, 1.0]	[-0.01, 0.02, 0.82]	[-0.06, -0.04, 0.82]	[0.01, 0.0, -0.18]	[-0.03, -0.06, -0.17]	[-0.05, -0.07, 0.0]
7	[0.14, 0.03, 0.0, 0.0, 0.0, 0.0, -1.0]	[-0.02, 0.02, 1.0]	[-0.01, 0.02, 0.82]	[-0.06, -0.04, 0.82]	[0.01, 0.0, -0.18]	[-0.04, -0.06, -0.18]	[-0.05, -0.07, 0.0]
8	[0.09, 0.02, -1.8, 0.0, 0.0, 0.0, -1.0]	[-0.01, 0.02, 0.98]	[-0.01, 0.02, 0.82]	[-0.06, -0.04, 0.82]	[0.0, 0.0, -0.16]	[-0.04, -0.06, -0.16]	[-0.05, -0.07, 0.0]
9	[0.05, 0.01, -1.64, 0.0, 0.0, 0.0, -1.0]	[-0.01, 0.02, 0.96]	[-0.01, 0.02, 0.82]	[-0.06, -0.04, 0.82]	[0.0, 0.0, -0.14]	[-0.05, -0.06, -0.14]	[-0.05, -0.07, 0.0]
10	[0.02, 0.01, -1.42, 0.0, 0.0, 0.0, -1.0]	[-0.01, 0.02, 0.94]	[-0.01, 0.02, 0.82]	[-0.06, -0.04, 0.82]	[0.0, 0.0, -0.12]	[-0.05, -0.06, -0.11]	[-0.05, -0.07, 0.0]
11	[0.01, 0.01, -1.19, 0.0, 0.0, 0.0, -1.0]	[-0.01, 0.02, 0.92]	[-0.01, 0.02, 0.82]	[-0.06, -0.04, 0.82]	[0.0, 0.0, -0.1]	[-0.05, -0.07, -0.09]	[-0.05, -0.07, 0.0]
12	[0.01, 0.01, -0.96, 0.0, 0.0, 0.0, -1.0]	[-0.01, 0.02, 0.89]	[-0.01, 0.02, 0.82]	[-0.06, -0.04, 0.82]	[0.0, 0.0, -0.07]	[-0.05, -0.07, -0.07]	[-0.05, -0.07, 0.0]
13	[0.01, 0.01, -0.73, 0.0, 0.0, 0.0, -1.0]	[-0.01, 0.02, 0.87]	[-0.01, 0.02, 0.82]	[-0.06, -0.04, 0.82]	[0.0, 0.0, -0.05]	[-0.05, -0.07, -0.05]	[-0.05, -0.07, 0.0]
14	[0.02, 0.01, -0.54, 0.0, 0.0, 0.0, -1.0]	[-0.01, 0.02, 0.86]	[-0.01, 0.02, 0.82]	[-0.06, -0.04, 0.82]	[0.0, 0.0, -0.04]	[-0.04, -0.07, -0.03]	[-0.05, -0.07, 0.0]
15	[0.04, 0.01, -0.39, 0.0, 0.0, 0.0, -1.0]	[-0.01, 0.02, 0.85]	[-0.01, 0.02, 0.82]	[-0.06, -0.04, 0.82]	[0.0, 0.0, -0.03]	[-0.04, -0.07, -0.02]	[-0.05, -0.07, 0.0]
16	[0.04, 0.01, -0.28, 0.0, 0.0, 0.0, -1.0]	[-0.01, 0.02, 0.84]	[-0.01, 0.02, 0.82]	[-0.06, -0.04, 0.82]	[0.0, 0.0, -0.02]	[-0.04, -0.07, -0.02]	[-0.05, -0.07, 0.0]
17	[0.05, 0.01, -0.2, 0.0, 0.0, 0.0, -1.0]	[-0.01, 0.02, 0.83]	[-0.01, 0.02, 0.82]	[-0.06, -0.04, 0.82]	[0.0, 0.0, -0.01]	[-0.04, -0.07, -0.01]	[-0.05, -0.07, 0.0]
18	[0.04, 0.0, -0.15, 0.0, 0.0, 0.0, -1.0]	[-0.01, 0.02, 0.83]	[-0.01, 0.02, 0.82]	[-0.06, -0.04, 0.82]	[0.0, 0.0, -0.01]	[-0.04, -0.07, -0.01]	[-0.05, -0.07, 0.01]
19	[0.04, 0.0, -0.11, 0.0, 0.0, 0.0, -1.0]	[-0.01, 0.02, 0.83]	[-0.01, 0.02, 0.82]	[-0.06, -0.04, 0.82]	[0.0, 0.0, -0.01]	[-0.05, -0.07, -0.0]	[-0.05, -0.07, 0.01]
20	[0.0, 0.0, 0.0, 0.0, 0.0, 0.0, 1.0]	[-0.01, 0.02, 0.83]	[-0.01, 0.02, 0.82]	[-0.06, -0.04, 0.82]	[0.0, 0.0, -0.01]	[-0.05, -0.07, -0.0]	[-0.05, -0.07, 0.01]
21	[0.0, 0.0, 0.0, 0.0, 0.0, 0.0, 1.0]	[-0.01, 0.02, 0.83]	[-0.01, 0.02, 0.82]	[-0.06, -0.04, 0.82]	[0.0, 0.0, -0.01]	[-0.05, -0.07, -0.0]	[-0.05, -0.07, 0.01]
22	[0.0, 0.0, 0.25, 0.0, 0.0, 0.0, 1.0]	[-0.01, 0.02, 0.83]	[-0.01, 0.02, 0.82]	[-0.06, -0.04, 0.82]	[0.0, 0.0, -0.01]	[-0.04, -0.07, -0.01]	[-0.05, -0.07, 0.0]
23	[0.0, 0.0, 0.25, 0.0, 0.0, 0.0, 1.0]	[-0.01, 0.02, 0.84]	[-0.01, 0.02, 0.83]	[-0.06, -0.04, 0.82]	[0.0, 0.0, -0.01]	[-0.04, -0.07, -0.01]	[-0.05, -0.07, -0.0]
24	[0.0, 0.0, 0.25, 0.0, 0.0, 0.0, 1.0]	[-0.01, 0.02, 0.84]	[-0.01, 0.02, 0.83]	[-0.06, -0.04, 0.82]	[0.0, 0.0, -0.01]	[-0.04, -0.07, -0.02]	[-0.05, -0.07, -0.01]
25	[0.0, 0.0, 0.25, 0.0, 0.0, 0.0, 1.0]	[-0.01, 0.02, 0.85]	[-0.01, 0.02, 0.84]	[-0.06, -0.04, 0.82]	[0.0, 0.0, -0.01]	[-0.04, -0.07, -0.02]	[-0.05, -0.07, -0.02]
26	[0.0, 0.0, 0.25, 0.0, 0.0, 0.0, 1.0]	[-0.01, 0.02, 0.85]	[-0.01, 0.02, 0.85]	[-0.06, -0.04, 0.82]	[0.0, 0.0, -0.01]	[-0.04, -0.07, -0.03]	[-0.05, -0.07, -0.02]
27	[0.0, 0.0, 0.25, 0.0, 0.0, 0.0, 1.0]	[-0.01, 0.02, 0.86]	[-0.01, 0.02, 0.85]	[-0.06, -0.04, 0.82]	[0.0, 0.0, -0.01]	[-0.04, -0.07, -0.03]	[-0.05, -0.07, -0.03]
28	[0.0, 0.0, 0.25, 0.0, 0.0, 0.0, 1.0]	[-0.01, 0.02, 0.86]	[-0.01, 0.02, 0.86]	[-0.06, -0.04, 0.82]	[0.0, 0.0, -0.01]	[-0.04, -0.07, -0.04]	[-0.05, -0.07, -0.03]
29	[0.0, 0.0, 0.25, 0.0, 0.0, 0.0, 1.0]	[-0.02, 0.02, 0.87]	[-0.01, 0.02, 0.86]	[-0.06, -0.04, 0.82]	[0.0, 0.0, -0.01]	[-0.04, -0.07, -0.05]	[-0.05, -0.07, -0.04]
30	[0.0, 0.0, 0.25, 0.0, 0.0, 0.0, 1.0]	[-0.02, 0.02, 0.88]	[-0.01, 0.02, 0.87]	[-0.06, -0.04, 0.82]	[0.0, 0.0, -0.01]	[-0.04, -0.07, -0.05]	[-0.05, -0.07, -0.04]
31	[0.0, 0.0, 0.25, 0.0, 0.0, 0.0, 1.0]	[-0.02, 0.02, 0.88]	[-0.01, 0.02, 0.87]	[-0.06, -0.04, 0.82]	[0.0, 0.0, -0.01]	[-0.04, -0.07, -0.06]	[-0.05, -0.07, -0.05]
32	[0.0, 0.0, 0.25, 0.0, 0.0, 0.0, 1.0]	[-0.02, 0.02, 0.89]	[-0.01, 0.02, 0.88]	[-0.06, -0.04, 0.82]	[0.0, 0.0, -0.01]	[-0.04, -0.07, -0.06]	[-0.05, -0.07, -0.06]
33	[0.0, 0.0, 0.25, 0.0, 0.0, 0.0, 1.0]	[-0.02, 0.02, 0.89]	[-0.01, 0.02, 0.89]	[-0.06, -0.04, 0.82]	[0.0, 0.0, -0.01]	[-0.04, -0.07, -0.07]	[-0.05, -0.07, -0.06]
34	[0.0, 0.0, 0.25, 0.0, 0.0, 0.0, 1.0]	[-0.02, 0.02, 0.9]	[-0.01, 0.02, 0.89]	[-0.06, -0.04, 0.82]	[0.0, 0.0, -0.01]	[-0.04, -0.07, -0.07]	[-0.05, -0.07, -0.07]
35	[0.0, 0.0, 0.25, 0.0, 0.0, 0.0, 1.0]	[-0.02, 0.02, 0.9]	[-0.01, 0.02, 0.9]	[-0.06, -0.04, 0.82]	[0.0, 0.0, -0.01]	[-0.04, -0.07, -0.08]	[-0.05, -0.07, -0.07]
36	[-0.45, -0.66, 2.5, 0.0, 0.0, 0.0, 1.0]	[-0.02, 0.01, 0.92]	[-0.02, 0.01, 0.91]	[-0.06, -0.04, 0.82]	[0.0, -0.0, -0.01]	[-0.03, -0.06, -0.1]	[-0.04, -0.06, -0.09]
37	[-0.37, -0.57, 0.0, 0.0, 0.0, 0.0, 1.0]	[-0.03, 0.0, 0.93]	[-0.03, 0.0, 0.92]	[-0.06, -0.04, 0.82]	[0.0, -0.0, -0.01]	[-0.03, -0.05, -0.1]	[-0.03, -0.05, -0.1]
38	[-0.29, -0.47, 0.0, 0.0, 0.0, 0.0, 1.0]	[-0.04, -0.0, 0.93]	[-0.03, -0.0, 0.92]	[-0.06, -0.04, 0.82]	[0.0, -0.0, -0.01]	[-0.02, -0.04, -0.1]	[-0.02, -0.04, -0.1]
39	[-0.23, -0.38, 0.0, 0.0, 0.0, 0.0, 1.0]	[-0.04, -0.01, 0.93]	[-0.04, -0.01, 0.92]	[-0.06, -0.04, 0.82]	[0.0, -0.0, -0.01]	[-0.01, -0.03, -0.1]	[-0.02, -0.03, -0.1]
40	[-0.18, -0.3, 0.0, 0.0, 0.0, 0.0, 1.0]	[-0.05, -0.02, 0.93]	[-0.05, -0.02, 0.92]	[-0.06, -0.04, 0.82]	[0.0, 0.0, -0.01]	[-0.01, -0.02, -0.1]	[-0.01, -0.02, -0.1]
41	[-0.13, -0.22, 0.0, 0.0, 0.0, 0.0, 1.0]	[-0.05, -0.03, 0.93]	[-0.05, -0.03, 0.92]	[-0.06, -0.04, 0.82]	[0.0, 0.0, -0.01]	[-0.01, -0.02, -0.1]	[-0.01, -0.02, -0.1]
42	[-0.09, -0.16, 0.0, 0.0, 0.0, 0.0, 1.0]	[-0.06, -0.03, 0.93]	[-0.05, -0.03, 0.92]	[-0.06, -0.04, 0.82]	[0.0, 0.0, -0.01]	[-0.0, -0.01, -0.1]	[-0.01, -0.01, -0.1]
43	[-0.06, -0.11, 0.0, 0.0, 0.0, 0.0, 1.0]	[-0.06, -0.04, 0.93]	[-0.05, -0.04, 0.92]	[-0.06, -0.04, 0.82]	[0.0, 0.0, -0.01]	[0.0, -0.01, -0.1]	[-0.0, -0.01, -0.09]
44	[-0.03, -0.06, -0.45, 0.0, 0.0, 0.0, 1.0]	[-0.06, -0.04, 0.92]	[-0.06, -0.04, 0.91]	[-0.06, -0.04, 0.82]	[0.0, 0.0, -0.01]	[0.0, -0.0, -0.09]	[-0.0, -0.0, -0.09]
45	[-0.02, -0.03, -0.37, 0.0, 0.0, 0.0, 1.0]	[-0.06, -0.04, 0.91]	[-0.06, -0.04, 0.9]	[-0.06, -0.04, 0.82]	[0.0, 0.0, -0.01]	[0.0, -0.0, -0.09]	[-0.0, -0.0, -0.08]
46	[-0.02, -0.02, -0.28, 0.0, 0.0, 0.0, 1.0]	[-0.06, -0.04, 0.9]	[-0.06, -0.04, 0.9]	[-0.06, -0.04, 0.82]	[0.0, 0.0, -0.01]	[0.0, -0.0, -0.08]	[-0.0, -0.0, -0.07]
47	[-0.01, -0.0, -0.21, 0.0, 0.0, 0.0, 1.0]	[-0.06, -0.04, 0.9]	[-0.06, -0.04, 0.89]	[-0.06, -0.04, 0.82]	[0.0, 0.0, -0.01]	[0.0, 0.0, -0.07]	[-0.0, 0.0, -0.07]
48	[-0.0, 0.0, -0.15, 0.0, 0.0, 0.0, 1.0]	[-0.06, -0.04, 0.89]	[-0.06, -0.04, 0.89]	[-0.06, -0.04, 0.82]	[0.0, 0.0, -0.01]	[0.0, 0.0, -0.07]	[0.0, 0.0, -0.06]
49	[0.0, 0.0, -0.11, 0.0, 0.0, 0.0, 1.0]	[-0.06, -0.04, 0.89]	[-0.06, -0.04, 0.88]	[-0.06, -0.04, 0.82]	[0.0, 0.0, -0.01]	[0.0, 0.0, -0.06]	[0.0, 0.0, -0.06]
50	[0.0, 0.0, 0.0, 0.0, 0.0, 0.0, -1.0]	[-0.06, -0.04, 0.89]	[-0.06, -0.04, 0.88]	[-0.06, -0.04, 0.82]	[0.0, 0.0, -0.01]	[0.01, 0.0, -0.06]	[0.0, 0.0, -0.06]
51	[0.0, 0.0, 0.0, 0.0, 0.0, 0.0, -1.0]	[-0.06, -0.04, 0.89]	[-0.06, -0.04, 0.88]	[-0.06, -0.04, 0.82]	[0.0, 0.0, -0.01]	[0.01, 0.0, -0.06]	[0.0, 0.0, -0.06]
52	[0.0, 0.0, 0.0, 0.0, 0.0, 0.0, -1.0]	[-0.06, -0.04, 0.89]	[-0.06, -0.04, 0.88]	[-0.06, -0.04, 0.82]	[0.0, 0.0, -0.01]	[0.01, 0.0, -0.06]	[0.0, 0.0, -0.06]
53	[0.0, 0.0, 0.0, 0.0, 0.0, 0.0, -1.0]	[-0.06, -0.04, 0.89]	[-0.06, -0.04, 0.87]	[-0.06, -0.04, 0.82]	[0.0, -0.0, -0.02]	[0.01, 0.0, -0.06]	[0.0, 0.0, -0.04]
54	[0.0, 0.0, 1.0, 0.0, 0.0, 0.0, -1.0]	[-0.07, -0.04, 0.9]	[-0.06, -0.04, 0.87]	[-0.06, -0.04, 0.82]	[0.01, 0.0, -0.03]	[0.01, 0.0, -0.08]	[0.0, 0.0, -0.04]
55	[0.0, 0.0, 1.0, 0.0, 0.0, 0.0, -1.0]	[-0.07, -0.04, 0.92]	[-0.06, -0.04, 0.87]	[-0.06, -0.04, 0.82]	[0.01, 0.0, -0.05]	[0.01, 0.0, -0.1]	[0.0, 0.0, -0.04]
56	[0.0, 0.0, 1.0, 0.0, 0.0, 0.0, -1.0]	[-0.07, -0.05, 0.94]	[-0.06, -0.04, 0.87]	[-0.06, -0.04, 0.82]	[0.01, 0.0, -0.08]	[0.02, 0.0, -0.12]	[0.0, 0.0, -0.04]
57	[0.0, 0.0, 1.0, 0.0, 0.0, 0.0, -1.0]	[-0.08, -0.05, 0.97]	[-0.06, -0.04, 0.87]	[-0.06, -0.04, 0.82]	[0.02, 0.0, -0.1]	[0.02, 0.0, -0.14]	[0.0, 0.0, -0.04]
58	[0.0, 0.0, 0.0, 0.0, 0.0, 0.0, -1.0]	[-0.08, -0.05, 0.97]	[-0.06, -0.04, 0.87]	[-0.06, -0.04, 0.82]	[0.02, 0.0, -0.1]	[0.02, 0.0, -0.15]	[0.0, 0.0, -0.04]
59	[0.0, 0.0, 0.0, 0.0, 0.0, 0.0, -1.0]	[-0.07, -0.05, 0.97]	[-0.06, -0.04, 0.87]	[-0.06, -0.04, 0.82]	[0.01, 0.0, -0.1]	[0.02, 0.0, -0.15]	[0.0, 0.0, -0.04]
60	[0.0, 0.0, 0.0, 0.0, 0.0, 0.0, -1.0]	[-0.07, -0.05, 0.98]	[-0.06, -0.04, 0.87]	[-0.06, -0.04, 0.82]	[0.01, 0.0, -0.11]	[0.01, 0.0, -0.15]	[0.0, 0.0, -0.04]
61	[0.0, 0.0, 0.0, 0.0, 0.0, 0.0, -1.0]	[-0.07, -0.05, 0.98]	[-0.06, -0.04, 0.87]	[-0.06, -0.04, 0.82]	[0.01, 0.0, -0.11]	[0.01, 0.0, -0.15]	[0.0, 0.0, -0.04]
62	[0.0, 0.0, 0.0, 0.0, 0.0, 0.0, -1.0]	[-0.07, -0.05, 0.98]	[-0.06, -0.04, 0.87]	[-0.06, -0.04, 0.82]	[0.01, 0.0, -0.11]	[0.01, 0.0, -0.15]	[0.0, 0.0, -0.04]
63	[0.0, 0.0, 0.0, 0.0, 0.0, 0.0, -1.0]	[-0.07, -0.05, 0.98]	[-0.06, -0.04, 0.87]	[-0.06, -0.04, 0.82]	[0.01, 0.0, -0.11]	[0.01, 0.0, -0.15]	[0.0, 0.0, -0.04]
64	[0.0, 0.0, 0.0, 0.0, 0.0, 0.0, -1.0]	[-0.07, -0.05, 0.98]	[-0.06, -0.04, 0.87]	[-0.06, -0.04, 0.82]	[0.01, 0.0, -0.11]	[0.01, 0.0, -0.15]	[0.0, 0.0, -0.04]
65	[0.0, 0.0, 0.0, 0.0, 0.0, 0.0, -1.0]	[-0.07, -0.05, 0.98]	[-0.06, -0.04, 0.87]	[-0.06, -0.04, 0.82]	[0.01, 0.0, -0.11]	[0.01, 0.0, -0.15]	[0.0, 0.0, -0.04]
66	[0.0, 0.0, 0.0, 0.0, 0.0, 0.0, -1.0]	[-0.07, -0.05, 0.98]	[-0.06, -0.04, 0.87]	[-0.06, -0.04, 0.82]	[0.01, 0.0, -0.11]	[0.01, 0.0, -0.15]	[0.0, 0.0, -0.04]
67	[0.0, 0.0, 0.0, 0.0, 0.0, 0.0, -1.0]	[-0.07, -0.05, 0.98]	[-0.06, -0.04, 0.87]	[-0.06, -0.04, 0.82]	[0.01, 0.0, -0.11]	[0.01, 0.0, -0.15]	[0.0, 0.0, -0.04]
68	[0.0, 0.0, 0.0, 0.0, 0.0, 0.0, -1.0]	[-0.07, -0.05, 0.98]	[-0.06, -0.04, 0.87]	[-0.06, -0.04, 0.82]	[0.01, 0.0, -0.11]	[0.01, 0.0, -0.15]	[0.0, 0.0, -0.04]
69	[0.0, 0.0, 0.0, 0.0, 0.0, 0.0, -1.0]	[-0.07, -0.04, 0.98]	[-0.06, -0.04, 0.87]	[-0.06, -0.04, 0.82]	[0.01, 0.0, -0.11]	[0.01, 0.0, -0.15]	[0.0, 0.0, -0.04]
70	[0.0, 0.0, 0.0, 0.0, 0.0, 0.0, -1.0]	[-0.07, -0.04, 0.98]	[-0.06, -0.04, 0.87]	[-0.06, -0.04, 0.82]	[0.01, 0.0, -0.11]	[0.01, 0.0, -0.15]	[0.0, 0.0, -0.04]
71	[0.0, 0.0, 0.0, 0.0, 0.0, 0.0, -1.0]	[-0.07, -0.04, 0.98]	[-0.06, -0.04, 0.87]	[-0.06, -0.04, 0.82]	[0.01, 0.0, -0.11]	[0.01, 0.0, -0.15]	[0.0, 0.0, -0.04]
72	[0.0, 0.0, 0.0, 0.0, 0.0, 0.0, -1.0]	[-0.07, -0.04, 0.98]	[-0.06, -0.04, 0.87]	[-0.06, -0.04, 0.82]	[0.01, -0.0, -0.11]	[0.01, 0.0, -0.15]	[0.0, 0.0, -0.04]
73	[0.0, 0.0, 0.0, 0.0, 0.0, 0.0, -1.0]	[-0.07, -0.04, 0.98]	[-0.06, -0.04, 0.87]	[-0.06, -0.04, 0.82]	[0.01, -0.0, -0.11]	[0.01, 0.0, -0.15]	[0.0, 0.0, -0.04]
74	[0.0, 0.0, 0.0, 0.0, 0.0, 0.0, -1.0]	[-0.07, -0.04, 0.98]	[-0.06, -0.04, 0.87]	[-0.06, -0.04, 0.82]	[0.01, -0.0, -0.11]	[0.01, 0.0, -0.15]	[0.0, 0.0, -0.04]
75	[0.0, 0.0, 0.0, 0.0, 0.0, 0.0, -1.0]	[-0.07, -0.04, 0.98]	[-0.06, -0.04, 0.87]	[-0.06, -0.04, 0.82]	[0.01, -0.0, -0.11]	[0.01, 0.0, -0.15]	[0.0, 0.0, -0.04]
76	[0.0, 0.0, 0.0, 0.0, 0.0, 0.0, -1.0]	[-0.07, -0.04, 0.98]	[-0.06, -0.04, 0.87]	[-0.06, -0.04, 0.82]	[0.01, -0.0, -0.11]	[0.01, 0.0, -0.15]	[0.0, 0.0, -0.04]
77	[0.0, 0.0, 0.0, 0.0, 0.0, 0.0, -1.0]	[-0.07, -0.04, 0.98]	[-0.06, -0.04, 0.87]	[-0.06, -0.04, 0.82]	[0.01, -0.0, -0.11]	[0.01, 0.0, -0.15]	[0.0, 0.0, -0.04]
78	[0.0, 0.0, 0.0, 0.0, 0.0, 0.0, -1.0]	[-0.07, -0.04, 0.98]	[-0.06, -0.04, 0.87]	[-0.06, -0.04, 0.82]	[0.01, -0.0, -0.11]	[0.01, 0.0, -0.15]	[0.0, 0.0, -0.04]
79	[0.0, 0.0, 0.0, 0.0, 0.0, 0.0, -1.0]	[-0.07, -0.04, 0.98]	[-0.06, -0.04, 0.87]	[-0.06, -0.04, 0.82]	[0.01, -0.0, -0.11]	[0.01, 0.0, -0.15]	[0.0, 0.0, -0.04]
